# Elapsed_Time_Seconds
0.000000
1.037107
1.065991
1.087052
1.148320
1.198731
1.258572
1.303204
1.358275
1.410050
1.458650
1.490626
1.520279
1.606136
1.664926
1.703075
1.758216
1.813744
1.860552
1.907179
1.945912
2.015306
2.054590
2.103039
2.168813
2.168813
2.245063
2.301457
2.370805
2.382726
2.454362
2.514485
2.566853
2.623603
2.666333
2.710366
2.769936
2.799275
2.868064
2.917273
2.967191
2.991580
3.066893
3.119355
3.151346
3.211491
3.267869
3.298286
3.359372
3.392395
3.470055
3.507269
3.548938
3.601923
3.659240
3.721425
3.765914
3.807664
3.856031
3.920872
3.958271
4.006876
4.056868
4.114041
4.143853
4.205080
4.242160
4.308782
4.352942
4.420081
4.466805
4.520669
4.550339
4.601135
4.654384
4.708298
4.759860
4.806325
4.857274
4.917003
4.959369
5.019461
5.063083
5.114383
5.168652
5.213226
5.263361
5.308170
5.365291
5.405042
5.468051
5.506816
5.553723
5.595312
5.650607
5.720792
5.752162
5.806543
5.850153
5.908487
5.961988
5.994275
6.057950
6.110373
6.163655
6.211291
6.265210
6.306993
6.353044
6.399573
6.449778
6.517807
6.556046
6.613225
6.670184
6.693092
6.765888
6.810157
6.846121
6.897354
6.961026
7.018205
7.049333
7.095471
7.164752
7.215825
7.257968
7.281218
7.355760
7.399063
7.451919
7.510509
7.571974
7.612851
7.642679
7.694340
7.767361
7.812939
7.850219
7.904855
7.961996
8.020629
8.070909
8.120278
8.160825
8.216214
8.262677
8.302873
8.356866
8.416544
8.455982
8.512389
8.562725
8.600936
8.670202
8.712960
8.758220
8.810796
8.846845
8.898244
8.960852
9.000690
9.066152
9.110199
9.138049
9.190422
9.263798
9.303190
9.352807
9.416078
9.472065
9.492007
9.553047
9.600849
9.661158
9.712620
9.766725
9.814227
9.870527
9.884034
9.965991
10.015961
10.058037
10.095905
10.147033
10.199269
10.262513
10.308715
10.371187
10.405330
10.471454
10.516922
10.571932
10.611636
10.662974
10.709561
10.770669
10.819378
10.864025
10.908319
10.958473
11.021618
11.062826
11.117696
11.166230
11.196314
11.259111
11.316281
11.367837
11.401371
11.459743
11.513074
11.526382
11.585877
11.664850
11.707659
11.724034
11.788087
11.862330
11.917490
11.951847
12.005533
12.058384
12.109082
12.167340
12.222322
12.271318
12.314027
12.347631
12.387314
12.455852
12.515179
12.559208
12.597549
12.669521
12.708049
12.742829
12.780147
12.868823
12.909336
12.952363
13.006898
13.069178
13.108598
13.164624
13.210134
13.247247
13.319808
13.363864
13.411681
13.441663
13.514986
13.559305
13.612756
13.643199
13.715234
13.756594
13.803299
13.860912
13.915991
13.964992
13.989069
14.059311
14.094649
14.163722
14.209668
14.270724
14.322759
14.371687
14.412744
14.462952
14.515021
14.565777
14.597464
14.656140
14.707198
14.731437
14.800928
14.853742
14.903169
14.970057
15.015480
15.049875
15.101996
15.149287
15.205330
15.254316
15.320072
15.371299
15.397510
15.456596
15.489116
15.564243
15.616613
15.633492
15.681576
15.770173
15.811323
15.851950
15.903716
15.969127
16.001152
16.041867
16.116170
16.148950
16.212179
16.240295
16.312079
16.360307
16.397222
16.443649
16.512105
16.555636
16.615935
16.662730
16.720121
16.773475
16.816890
16.849235
16.913025
16.953354
16.975059
17.061663
17.097540
17.127067
17.195173
17.255164
17.291082
17.359724
17.412992
17.469582
17.519674
17.543736
17.608301
17.661036
17.716427
17.758652
17.815705
17.845368
17.898759
17.960223
18.009028
18.059232
18.095924
18.165304
18.221800
18.254979
18.288997
18.354622
18.403696
18.468704
18.515751
18.555208
18.602615
18.662543
18.688344
18.762525
18.811616
18.864020
18.915984
18.941929
18.999863
19.063049
19.104862
19.154841
19.216930
19.271953
19.315556
19.365081
19.421113
19.456040
19.513492
19.572650
19.613161
19.669903
19.722726
19.748469
19.801263
19.849380
19.912768
19.958156
20.015881
20.038718
20.122154
20.122154
20.216884
20.259013
20.317117
20.352575
20.417468
20.460550
20.518664
20.563968
20.596197
20.667174
20.710334
20.760386
20.790622
20.870394
20.919698
20.967517
21.012310
21.060745
21.103190
21.167735
21.197994
21.264058
21.317720
21.359670
21.399188
21.465010
21.516000
21.546526
21.622573
21.666166
21.715141
21.756567
21.818647
21.871477
21.896879
21.969756
22.017639
22.064387
22.108754
22.163408
22.183292
22.266746
22.305473
22.362931
22.409985
22.453118
22.520945
22.554350
22.610333
22.640236
22.715177
22.760258
22.806875
22.859390
22.907124
22.944317
22.999393
23.040079
23.104212
23.168806
23.211785
23.254841
23.310783
23.365376
23.422731
23.443710
23.498309
23.533917
23.596780
23.657307
23.708385
23.745934
23.805417
23.861531
23.898787
23.951081
24.002878
24.068677
24.091099
24.162172
24.221346
24.252497
24.307699
24.367298
24.407807
24.460073
24.514189
24.561131
24.593119
24.656194
24.690145
24.759044
24.816184
24.849295
24.902101
24.972566
25.015007
25.065344
25.092743
25.154664
25.212248
25.252882
25.307873
25.361135
25.393243
25.445636
25.501322
25.565202
25.611066
25.648123
25.712240
25.744276
25.818885
25.852916
25.878889
25.959763
26.004036
26.061073
26.101661
26.144977
26.214331
26.271128
26.305080
26.361991
26.411907
26.469517
26.506020
26.563022
26.622960
26.649546
26.714916
26.766494
26.819254
26.862131
26.907525
26.945444
27.006146
27.065216
27.108367
27.162277
27.218266
27.259098
27.306991
27.352289
27.406207
27.469703
27.500275
27.561861
27.611171
27.644991
27.708749
27.756593
27.816247
27.851016
27.911297
27.971143
27.995822
28.063063
28.116990
28.164610
28.210376
28.263162
28.314718
28.361250
28.418303
28.457926
28.514009
28.560724
28.586787
28.666319
28.705856
28.742255
28.806134
28.867871
28.921634
28.936107
28.980923
29.059262
29.120159
29.150473
29.209745
29.262743
29.305106
29.368700
29.399371
29.452152
29.514039
29.553210
29.614589
29.671630
29.708988
29.739964
29.803720
29.859812
29.911202
29.947985
30.000208
30.055774
30.092128
30.162872
30.209036
30.209036
30.263552
30.361024
30.414273
30.443699
30.512538
30.567813
30.582872
30.664926
30.715101
30.765664
30.805376
30.857100
30.921871
30.951645
31.015216
31.057892
31.118133
31.160530
31.210263
31.269387
31.319796
31.366113
31.404665
31.434384
31.506980
31.556329
31.598752
31.650853
31.724734
31.766017
31.796807
31.849643
31.914043
31.967066
31.998783
32.059882
32.119813
32.147143
32.204838
32.270497
32.303910
32.360457
32.414709
32.461379
32.492509
32.556170
32.609929
32.661848
32.719689
32.771830
32.815763
32.861076
32.894888
32.962106
33.023253
33.068464
33.113122
33.151981
33.221375
33.236892
33.316019
33.361569
33.420251
33.447123
33.515839
33.562858
33.611051
33.631052
33.718054
33.767601
33.816492
33.843282
33.906451
33.963630
34.021789
34.061138
34.104699
34.165222
34.218102
34.263130
34.310664
34.348503
34.402081
34.457877
34.505114
34.567075
34.587698
34.670512
34.670512
34.756390
34.816101
34.857329
34.922178
34.955245
35.005006
35.054835
35.083988
35.118270
35.205896
35.248641
35.292897
35.344013
35.408925
35.462115
35.508370
35.560128
35.616002
35.670166
35.716361
35.748260
35.810572
35.868481
35.916344
35.947549
36.012089
36.056251
36.094085
36.159663
36.192843
36.261379
36.297658
36.354057
36.393336
36.444737
36.523827
36.564933
36.623666
36.665360
36.718108
36.766065
36.792863
36.856051
36.909146
36.949312
37.016771
37.072513
37.111501
37.149613
37.205104
37.263256
37.292709
37.357738
37.411926
37.464285
37.522115
37.557609
37.613139
37.660044
37.717238
37.733454
37.800364
37.870940
37.913304
37.961215
37.995034
38.069753
38.114284
38.156676
38.204349
38.261964
38.314274
38.356014
38.403880
38.463310
38.514483
38.565720
38.612626
38.643236
38.708159
38.769098
38.787467
38.824752
38.907052
38.948721
38.996863
39.031840
39.119490
39.162136
39.206226
39.242707
39.300985
39.358596
39.404962
39.462235
39.512279
39.569468
39.585719
39.635292
39.721738
39.768485
39.798068
39.864775
39.904691
39.961891
39.992962
40.044074
40.101818
40.155093
40.201313
40.258834
40.321710
40.353510
40.398834
40.459217
40.501747
40.568078
40.609050
40.655779
40.721426
40.765994
40.807068
40.859117
40.897135
40.951560
41.006873
41.062135
41.109182
41.158353
41.195022
41.262510
41.296088
41.373341
41.417357
41.446028
41.505673
41.557166
41.597655
41.629259
41.695433
41.771757
41.822392
41.836943
41.918209
41.970068
42.005099
42.052681
42.106508
42.160922
42.216488
42.246924
42.275726
42.370055
42.403066
42.456841
42.504180
42.561649
42.610164
42.653574
42.699970
42.768633
42.808205
42.864183
42.890048
42.960516
43.020327
43.060959
43.101056
43.173984
43.214275
43.254221
43.298456
43.356815
43.412882
43.459252
43.493901
43.553970
43.596115
43.672838
43.710921
43.731718
43.806444
43.868999
43.913229
43.941915
44.007538
44.060551
44.093258
44.158101
44.216244
44.257367
44.306169
44.353226
44.415727
44.444695
44.500050
44.546223
44.610627
44.653740
44.702976
44.765936
44.790903
44.869985
44.915176
44.944790
45.011173
45.066338
45.103994
45.145871
45.207811
45.263013
45.289951
45.368704
45.399310
45.455229
45.505387
45.564207
45.604900
45.667885
45.721592
45.752506
45.811728
45.859003
45.913853
45.955690
46.019128
46.065691
46.104751
46.141035
46.211768
46.261912
46.318263
46.351332
46.415527
46.462676
46.518790
46.544905
46.601907
46.669368
46.702832
46.751965
46.785601
46.857977
46.910261
46.950332
47.004182
47.065073
47.106906
47.164935
47.184380
47.250226
47.306918
47.353284
47.395986
47.443960
47.521961
47.559876
47.604825
47.649116
47.704706
47.747684
47.798492
47.857833
47.912568
47.967567
48.006384
48.049070
48.111391
48.155344
48.203813
48.264332
48.318370
48.361246
48.392454
48.448050
48.518502
48.545981
48.615734
48.642132
48.700691
48.753353
48.803019
48.829499
48.911082
48.958094
49.010258
49.030394
49.119413
49.167700
49.206692
49.259652
49.323767
49.365347
49.394160
49.467344
49.517613
49.563384
49.609031
49.667069
49.694133
49.747001
49.818802
49.818802
49.900984
49.973359
50.018966
50.051373
50.107310
50.159132
50.184759
50.250036
50.310494
50.368805
50.400746
50.445659
50.508110
50.572906
50.615975
50.663312
50.719184
50.770223
50.806389
50.871176
50.900115
50.970968
51.006930
51.046852
51.103233
51.163651
51.214805
51.250292
51.318890
51.363381
51.383678
51.457368
51.497293
51.565264
51.598914
51.668333
51.716335
51.747056
51.801543
51.856847
51.890516
51.962813
52.005163
52.038429
52.101613
52.165656
52.219051
52.247073
52.292602
52.354849
52.416525
52.458248
52.518023
52.532529
52.611924
52.669907
52.699897
52.750784
52.803482
52.867692
52.880376
52.947680
53.006382
53.064894
53.097875
53.158295
53.220135
53.260811
53.313880
53.366263
53.415551
53.459349
53.485289
53.534383
53.619148
53.648923
53.717504
53.749351
53.805913
53.867374
53.907346
53.967088
53.995000
54.063485
54.123091
54.153981
54.223318
54.259856
54.291377
54.357087
54.414747
54.473090
54.492608
54.561168
54.621228
54.658612
54.717119
54.765249
54.812507
54.871099
54.910251
54.945574
54.994791
55.066848
55.092762
55.151612
55.211737
55.263754
55.321039
55.368595
55.415173
55.464671
55.509907
55.563348
55.589081
55.670657
55.717978
55.757860
55.806683
55.863191
55.919077
55.967977
56.016978
56.068490
56.113102
56.167609
56.218323
56.247686
56.321160
56.348999
56.409959
56.447723
56.496574
56.552204
56.609673
56.663906
56.705117
56.758111
56.814573
56.846277
56.909572
56.959706
57.006155
57.038739
57.107729
57.168279
57.199055
57.238257
57.302540
57.367196
57.410096
57.449362
57.518194
57.552051
57.606434
57.668189
57.717537
57.759921
57.818999
57.868043
57.895058
57.960157
57.989279
58.065312
58.093682
58.169111
58.198861
58.249136
58.297795
58.370507
58.412888
58.445997
58.501252
58.555611
58.611075
58.657472
58.697818
58.761306
58.818028
58.831723
58.908911
58.962032
59.007820
59.063010
59.100541
59.154059
59.212173
59.262580
59.314110
59.369241
59.413630
59.451168
59.505780
59.560141
59.599699
59.646757
59.698248
59.749939
59.802326
59.859795
59.894364
59.971773
60.017332
60.047098
60.097394
60.137093
60.213350
60.269168
60.297549
60.352386
60.388484
60.456358
60.521491
60.547540
60.597499
60.652888
60.698804
60.758986
60.791755
60.860927
60.913516
60.965540
61.011856
61.034095
61.119208
61.146934
61.212394
61.257802
61.317132
61.347723
61.402706
61.453228
61.498991
61.552783
61.609857
61.657119
61.716624
61.748072
61.820730
61.859004
61.911630
61.940743
62.005273
62.064159
62.119066
62.150574
62.210320
62.259777
62.314915
62.357323
62.418313
62.458559
62.515713
62.554023
62.592923
62.654202
62.719961
62.741861
62.805336
62.862021
62.908026
62.951345
63.004827
63.065363
63.115472
63.150226
63.211562
63.258068
63.312874
63.330960
63.401268
63.471304
63.514518
63.549810
63.585469
63.662114
63.706885
63.756071
63.798760
63.858732
63.896018
63.939811
63.996184
64.057797
64.105012
64.157696
64.203131
64.246171
64.319288
64.357710
64.415874
64.415874
64.509944
64.568877
64.591671
64.647365
64.710003
64.740657
64.804941
64.860820
64.905750
64.955831
65.008309
65.054767
65.104198
65.161358
65.218861
65.249782
65.318300
65.356090
65.422026
65.454356
65.513578
65.569162
65.589185
65.650703
65.712121
65.763161
65.818052
65.856296
65.920645
65.960416
65.996112
66.034476
66.111114
66.161859
66.221616
66.264282
66.285603
66.362568
66.411798
66.459076
66.519440
66.570043
66.610136
66.665970
66.715085
66.767996
66.807276
66.870998
66.902869
66.962310
67.010955
67.066121
67.097688
67.158060
67.217487
67.254313
67.297879
67.364330
67.418514
67.431946
67.498163
67.550869
67.593212
67.643075
67.720931
67.753965
67.800496
67.862931
67.903989
67.965380
68.014354
68.057361
68.115192
68.166343
68.213561
68.251244
68.309684
68.369663
68.407237
68.446076
68.486568
68.567889
68.615660
68.649831
68.680105
68.745187
68.789116
68.860879
68.896132
68.960347
68.998337
69.054098
69.106621
69.141258
69.200300
69.265580
69.279186
69.356572
69.421479
69.463799
69.516073
69.571959
69.617883
69.658971
69.710088
69.744705
69.800327
69.864153
69.885818
69.909361
70.010955
70.043768
70.102117
70.146100
70.210948
70.258767
70.312318
70.363610
70.414277
70.471005
70.500672
70.530972
70.618729
70.662470
70.709324
70.766691
70.821356
70.872459
70.920920
70.920920
71.020198
71.059309
71.114969
71.129526
71.212107
71.268071
71.299972
71.345393
71.412429
71.466296
71.511212
71.562090
71.612808
71.665615
71.694045
71.758323
71.787236
71.852923
71.908827
71.943767
72.008172
72.072329
72.115315
72.144239
72.210629
72.261892
72.313083
72.357571
72.400951
72.466830
72.507338
72.538270
72.610906
72.669688
72.711056
72.751383
72.751383
72.854912
72.915697
72.964236
73.011554
73.061752
73.103047
73.157613
73.175866
73.251156
73.315177
73.371601
73.390181
73.470075
73.523656
73.566080
73.611353
73.663327
73.707149
73.764254
73.798170
73.849890
73.921154
73.967573
73.998631
74.030314
74.104954
74.164013
74.213799
74.238743
74.319917
74.358836
74.391280
74.437308
74.501320
74.559147
74.605241
74.637630
74.713068
74.768749
74.819463
74.859820
74.915526
74.955722
75.008708
75.052833
75.110131
75.151231
75.220345
75.250801
75.321246
75.349228
75.416387
75.467796
75.502175
75.554091
75.585721
75.650245
75.702578
75.745445
75.796163
75.862286
75.893513
75.967530
76.007150
76.043593
76.113772
76.174844
76.209826
76.247328
76.309933
76.359835
76.405956
76.448836
76.505280
76.542732
76.616097
76.647204
76.714672
76.760832
76.813485
76.853143
76.908712
76.960059
77.006080
77.070364
77.097143
77.159930
77.209078
77.231387
77.294294
77.366192
77.418956
77.472785
77.490718
77.547174
77.606195
77.670976
77.691471
77.743608
77.811345
77.871019
77.886455
77.952060
78.000773
78.071342
78.102156
78.157977
78.214020
78.269475
78.283916
78.353739
78.408135
78.464252
78.508051
78.553367
78.607625
78.658951
78.709601
78.766547
78.815841
78.859532
78.901715
78.948538
79.004029
79.060534
79.099344
79.145807
79.218066
79.254841
79.318035
79.343070
79.402882
79.465124
79.523578
79.541387
79.605949
79.660226
79.706205
79.766373
79.810785
79.848379
79.914860
79.948129
80.005271
80.072329
80.118957
80.138207
80.195103
80.257201
80.312561
80.364884
80.396080
80.465356
80.505956
80.537094
80.603690
80.656382
80.716050
80.747765
80.809025
80.863809
80.914226
80.946619
81.013878
81.067059
81.098593
81.152587
81.205291
81.243679
81.311332
81.366839
81.414276
81.470818
81.502005
81.563317
81.610121
81.668000
81.721451
81.761224
81.801342
81.855201
81.916974
81.942790
82.014259
82.062329
82.113352
82.172916
82.203865
82.259837
82.299392
82.354561
82.417169
82.468371
82.508786
82.565972
82.608873
82.658341
82.721319
82.774541
82.793189
82.852395
82.909472
82.971823
83.001140
83.061543
83.103033
83.143798
83.220068
83.260075
83.319002
83.357525
83.409667
83.471980
83.497902
83.564062
83.623461
83.649081
83.698731
83.765447
83.816944
83.839392
83.894426
83.962942
84.016485
84.036244
84.098003
84.145019
84.211282
84.272766
84.302250
84.365232
84.411180
84.460310
84.518171
84.551126
84.612045
84.653549
84.709080
84.762387
84.819587
84.869235
84.893148
84.958189
85.016381
85.046268
85.118929
85.148647
85.215025
85.256808
85.304020
85.362787
85.404672
85.461534
85.509097
85.542842
85.612226
85.664263
85.712712
85.766744
85.819593
85.864271
85.902893
85.965326
86.000339
86.061686
86.108392
86.139228
86.198972
86.241512
86.293659
86.354974
86.403729
86.457551
86.509349
86.565987
86.621997
86.666940
86.713713
86.769001
86.807265
86.871305
86.896001
86.972283
87.019457
87.062291
87.101510
87.161198
87.210741
87.272345
87.299936
87.353525
87.409355
87.468170
87.516567
87.557466
87.605337
87.650456
87.704343
87.762629
87.819026
87.851687
87.910375
87.963343
88.015717
88.060973
88.119389
88.162922
88.220169
88.258593
88.305103
88.348262
88.405298
88.455769
88.512986
88.547781
88.615292
88.652318
88.714175
88.758632
88.814014
88.863958
88.922364
88.959714
89.018080
89.062470
89.120636
89.138764
89.200662
89.252454
89.315128
89.368426
89.422514
89.459788
89.499623
89.556427
89.607121
89.662563
89.714370
89.767303
89.818956
89.848660
89.908324
89.965237
90.002001
90.058819
90.107204
90.161147
90.201542
90.254719
90.316039
90.346452
90.394860
90.463742
90.487824
90.548661
90.612819
90.661037
90.712839
90.755103
90.805250
90.857156
90.920070
90.964118
91.012842
91.051128
91.105618
91.161816
91.178961
91.252152
91.312125
91.357029
91.387015
91.455973
91.518253
91.567513
91.600313
91.647048
91.702864
91.767789
91.809839
91.858191
91.923254
91.967922
92.008264
92.036250
92.119918
92.164017
92.220815
92.263844
92.311064
92.360616
92.414622
92.458081
92.523070
92.557332
92.603104
92.637062
92.695543
92.772265
92.804726
92.841995
92.901305
92.958866
93.008113
93.061560
93.117053
93.162536
93.205637
93.269845
93.312384
93.363946
93.417213
93.437588
93.495067
93.550053
93.616522
93.646086
93.712808
93.766685
93.802758
93.861140
93.890943
93.952280
94.011769
94.065164
94.115012
94.157976
94.222304
94.264295
94.316962
94.341234
94.417190
94.458390
94.513978
94.537201
94.615382
94.633336
94.712819
94.768975
94.815268
94.856021
94.908855
94.961549
95.022156
95.070151
95.105665
95.157895
95.207527
95.250371
95.319507
95.361459
95.420186
95.460329
95.510100
95.572826
95.616547
95.671601
95.701424
95.762390
95.812266
95.872059
95.904036
95.962189
96.014731
96.053329
96.113075
96.157124
96.200730
96.265052
96.309363
96.364037
96.421159
96.453007
96.492507
96.549576
96.602132
96.662363
96.709426
96.745724
96.799966
96.857262
96.919966
96.919966
97.001091
97.068216
97.117616
97.133940
97.219954
97.255749
97.315681
97.348379
97.382654
97.447939
97.508873
97.556717
97.617178
97.665751
97.720672
97.771293
97.796991
97.853731
97.920104
97.963764
98.009254
98.063927
98.102983
98.158843
98.203711
98.273101
98.311933
98.372354
98.417376
98.469831
98.496357
98.558652
98.587156
98.652079
98.693814
98.769141
98.769141
98.857510
98.912079
98.964103
98.984296
99.031007
99.098325
99.158575
99.206042
99.251479
99.317527
99.374146
99.408632
99.467511
99.511379
99.568667
99.605880
99.660114
99.717077
99.760382
99.819127
99.847022
99.907358
99.968751
99.982270
100.042367
100.107484
100.163188
100.198756
100.273289
100.310913
100.354296
100.405104
100.467257
100.517947
100.572154
100.615322
100.615322
100.722958
100.758773
100.815664
100.858246
100.889317
100.958257
101.009100
101.071794
101.105465
101.165300
101.206365
101.259948
101.321978
101.365019
101.419832
101.439553
101.508918
101.559084
101.602222
101.664965
101.722337
101.770743
101.813176
101.862741
101.891893
101.963949
102.010192
102.054679
102.105387
102.158321
102.206869
102.234913
102.302341
102.366116
102.410800
102.458475
102.486977
102.561007
102.587627
102.665805
102.697223
102.749423
102.817741
102.859061
102.911607
102.937595
103.013036
103.069194
103.084809
103.157106
103.208986
103.267137
103.300907
103.355866
103.417060
103.463193
103.511382
103.568072
103.616109
103.658088
103.719380
103.759683
103.815352
103.856734
103.918291
103.955040
104.024428
104.068341
104.118096
104.150623
104.204342
104.265037
104.308232
104.356049
104.419120
104.459158
104.518126
104.568506
104.622134
104.671603
104.704027
104.763178
104.812840
104.848697
104.912635
104.951038
104.985848
105.053601
105.105000
105.124567
105.203056
105.268330
105.308980
105.342302
105.414565
105.462722
105.507018
105.536378
105.598001
105.661932
105.715125
105.768569
105.791174
105.870202
105.911825
105.943334
106.007756
106.058377
106.118962
106.162284
106.194013
106.260615
106.307355
106.345824
106.403263
106.456355
106.521556
106.562443
106.612902
106.671386
106.716192
106.744564
106.818225
106.869644
106.918644
106.962226
106.991230
107.046890
107.101390
107.157671
107.215110
107.252970
107.307009
107.361916
107.418933
107.446148
107.508131
107.567538
107.609460
107.659958
107.695453
107.762727
107.813615
107.869228
107.894748
107.963089
107.992255
108.070767
108.097177
108.164820
108.201967
108.249251
108.313936
108.354137
108.401156
108.454117
108.507350
108.566291
108.613643
108.613643
108.711086
108.759082
108.807812
108.859742
108.915151
108.954523
109.003767
109.052154
109.109941
109.162205
109.201039
109.257231
109.316031
109.370713
109.412962
109.467257
109.520462
109.554279
109.599966
109.651787
109.704195
109.768048
109.812773
109.839255
109.900215
109.950114
110.019971
110.066191
110.100429
110.161221
110.218714
110.232799
110.311544
110.359339
110.386060
110.461162
110.495425
110.548084
110.612159
110.650570
110.707480
110.765314
110.821223
110.849601
110.913185
110.968184
111.017847
111.061369
111.095296
111.148711
111.217038
111.263670
111.291082
111.364096
111.419088
111.457995
111.506104
111.562787
111.612059
111.666986
111.719572
111.762012
111.810316
111.853193
111.919116
111.959717
112.020675
112.066213
112.102521
112.143667
112.204753
112.261826
112.277617
112.353669
112.421696
112.461686
112.490227
112.567759
112.614615
112.654549
112.699578
112.763305
112.814289
112.869682
112.896208
112.951559
113.011638
113.052331
113.110281
113.163970
113.216048
113.263961
113.303544
113.336192
113.407578
113.461555
113.519050
113.565528
113.616999
113.656361
113.688430
113.758889
113.809265
113.868284
113.896181
113.964936
113.989569
114.066866
114.110168
114.157079
114.198932
114.254192
114.317740
114.346531
114.419726
114.472343
114.518692
114.568149
114.600363
114.652215
114.702649
114.745857
114.809982
114.857473
114.914649
114.954034
115.001242
115.056140
115.095637
115.150661
115.180813
115.267076
115.311317
115.363540
115.407275
115.453600
115.502439
115.563064
115.599547
115.668935
115.713733
115.770804
115.800003
115.841818
115.917158
115.968046
116.007121
116.044069
116.072067
116.152125
116.217287
116.247867
116.294014
116.365360
116.412005
116.470113
116.521516
116.549959
116.594729
116.642171
116.722132
116.764127
116.821775
116.873508
116.895293
116.945953
117.006661
117.050727
117.105875
117.158367
117.201702
117.248726
117.322524
117.355181
117.409367
117.464369
117.522696
117.558246
117.593368
117.646631
117.697319
117.769164
117.810035
117.867198
117.892909
117.948164
118.008253
118.053002
118.110009
118.159758
118.217852
118.241001
118.296512
118.361512
118.418272
118.433282
118.493340
118.558184
118.597976
118.646038
118.685866
118.767155
118.812372
118.857527
118.915531
118.969326
119.010081
119.052979
119.099607
119.156216
119.207007
119.246549
119.301386
119.353104
119.402919
119.448981
119.488462
119.564972
119.617135
119.661269
119.720966
119.773833
119.798614
119.867346
119.918013
119.955239
120.009258
120.041114
120.109206
120.156901
120.210898
120.251994
120.280374
120.360735
120.416947
120.466071
120.498251
120.557845
120.573813
120.644999
120.714944
120.763043
120.798431
120.869673
120.889693
120.941973
121.022105
121.056186
121.093883
121.145094
121.219752
121.266373
121.302644
121.360880
121.409456
121.456913
121.489902
121.568235
121.594245
121.659394
121.703040
121.741896
121.819164
121.847331
121.918189
121.961586
121.992965
122.055276
122.108461
122.127841
122.203317
122.271983
122.309817
122.348389
122.408542
122.465375
122.522495
122.560553
122.609752
122.663059
122.704904
122.760183
122.807273
122.858273
122.916555
122.961950
122.996128
123.065634
123.117219
123.166142
123.197105
123.256605
123.321934
123.340494
123.416036
123.468572
123.507049
123.555038
123.613386
123.663510
123.691590
123.750085
123.816330
123.873068
123.888178
123.955940
124.013265
124.060265
124.114622
124.169110
124.217747
124.246936
124.308393
124.342493
124.399160
124.459655
124.505862
124.560115
124.598114
124.660864
124.719032
124.773824
124.807444
124.839357
124.906098
124.957875
125.010376
125.068738
125.113795
125.148163
125.204068
125.246597
125.311287
125.370536
125.421513
125.447116
125.501864
125.565122
125.594161
125.648421
125.704906
125.752791
125.808282
125.862101
125.919196
125.961910
126.008988
126.059028
126.117627
126.163222
126.216090
126.264554
126.294315
126.367595
126.414927
126.450153
126.504769
126.566250
126.595930
126.643314
126.683979
126.749850
126.818192
126.857666
126.877878
126.964597
127.004850
127.059721
127.112435
127.160231
127.218022
127.233935
127.291724
127.356738
127.416812
127.442944
127.497149
127.572536
127.606817
127.662811
127.722965
127.770856
127.811092
127.853456
127.904842
127.964480
128.008449
128.071820
128.100795
128.160460
128.219157
128.263659
128.312931
128.341704
128.401922
128.448374
128.493124
128.555242
128.616244
128.646373
128.699051
128.746359
128.799774
128.861281
128.904644
128.965470
129.013331
129.065322
129.115508
129.147235
129.210225
129.266255
129.316744
129.355200
129.405221
129.458051
129.513468
129.570699
129.614074
129.658965
129.700927
129.752739
129.805863
129.856972
129.901927
129.961040
130.017120
130.042054
130.119576
130.144503
130.218592
130.264856
130.304442
130.363210
130.392530
130.463756
130.517574
130.542159
130.599895
130.673192
130.702836
130.763885
130.799716
130.843802
130.913000
130.948794
131.005374
131.057168
131.111619
131.157792
131.202023
131.254743
131.320522
131.334386
131.399539
131.459016
131.509458
131.545654
131.596267
131.659617
131.687838
131.755535
131.812002
131.863114
131.912895
131.945657
132.016821
132.057722
132.097943
132.153678
132.210767
132.265733
132.315213
132.363843
132.421879
132.460282
132.521804
132.564915
132.614300
132.673124
132.690339
132.760838
132.792151
132.853146
132.918141
132.962275
132.980373
133.045546
133.112922
133.147292
133.190748
133.251997
133.309747
133.356765
133.419775
133.457256
133.509358
133.567286
133.614825
133.665071
133.717928
133.757679
133.806688
133.866086
133.916514
133.962760
134.004908
134.033658
134.111893
134.159213
134.203289
134.273457
134.311507
134.370573
134.411589
134.455700
134.515992
134.570529
134.592695
134.650906
134.706863
134.764250
134.812061
134.846833
134.897283
134.947754
135.020124
135.042750
135.099701
135.162836
135.218841
135.251339
135.312858
135.348899
135.385706
135.431084
135.505107
135.574384
135.610647
135.663976
135.712140
135.762696
135.810577
135.871305
135.898516
135.962606
136.019781
136.067307
136.121146
136.154911
136.222332
136.260786
136.260786
136.372743
136.415996
136.431892
136.509349
136.552497
136.610611
136.666131
136.718809
136.771640
136.821577
136.866618
136.897563
136.968912
137.006203
137.061368
137.113666
137.151978
