output of 45:
intial mu: [0.02139533 0.01293661 0.04000646 0.0937981  0.07381154 0.03317917
 0.04348135 0.08381298 0.01864161 0.06622432 0.0847901  0.04094773
 0.04938395]

initial sigma: [0.36767487 0.87292066 0.5404589  0.96934707 0.91484786 0.58181494
 0.36732256 1.14490894 0.48454833 1.02232805 0.84096727 0.64484991
 0.71584602]

M: 40

K: 3

starting alpha: 0.5

starting omega: 0.5

number of CPG modules: 6

starting params: [0.0622495  0.07710367 0.09634866 0.08225022 0.00964933 0.06190009
 0.02008355 0.0063559  0.09737702 0.00133868 0.03777865 0.04009971
 0.04224465]
episode: 0
params with best fitness: [0.20000654 0.10705447 0.46835896 1.6168252  0.6120432  1.2953596
 0.28185594 1.9666163  0.7066282  0.7961361  0.44060868 0.17742002
 0.12691712] with reward 0.506710630015222

params with best fitness: [0.11010217 2.4557614  0.86258936 1.0599983  0.8677398  0.5202329
 0.01693933 0.10657194 0.30583307 1.0051662  0.6126529  0.1997912
 0.70199335] with reward 1.1763210784475362

/home/ranger/drl-turtle/ros2_ws/src/turtle_rl/turtle_rl/HalfCheetah_EPHE.py:411: RuntimeWarning: More than 20 figures have been opened. Figures created through the pyplot interface (`matplotlib.pyplot.figure`) are retained until explicitly closed and may consume too much memory. (To control this warning, see the rcParam `figure.max_open_warning`). Consider using `matplotlib.pyplot.close()`.
  fig, axs = plt.subplots(nrows=total_actions.shape[0], ncols=1, figsize=(8, 12))
params with best fitness: [0.15343858 0.07646878 0.20018081 1.1979194  0.65928954 0.39195028
 0.12227053 0.513388   0.5397309  0.5498592  0.45581555 0.82668895
 0.80745745] with reward 1.3012325297070555

PAST A THRESHOLD

state= [-7.334743897875571, 2.065132581313681]

y_other_neuron= 0.0

y_prev_mod= 18.6101813188141
tau= 0.01034264825284481

E= 0.34713050723075867

B= 0.8943769931793213

dt= 0.05

alpha=0.5

omega=0.5

--------------------- Episode: 0   median score: 0.0 ------------------
all rewards: [0.         0.         0.50671063 0.         0.         0.
 0.         0.         0.         1.17632108 0.         0.
 0.3411885  0.         0.         0.         0.         0.
 0.         0.         0.         0.         1.30123253 0.
 0.02921569 0.         0.         0.         0.         0.
 0.36037211 0.         0.         0.         0.14894653 0.
 0.         0.         0.         0.        ]

k params: [[0.15343858 0.11010217 0.20000654]
 [0.07646878 2.45576143 0.10705447]
 [0.20018081 0.86258936 0.46835896]
 [1.19791937 1.05999827 1.61682522]
 [0.65928954 0.8677398  0.6120432 ]
 [0.39195028 0.52023292 1.29535961]
 [0.12227053 0.01693933 0.28185594]
 [0.51338798 0.10657194 1.96661627]
 [0.53973091 0.30583307 0.7066282 ]
 [0.54985923 1.00516617 0.79613608]
 [0.45581555 0.6126529  0.44060868]
 [0.82668895 0.19979119 0.17742002]
 [0.80745745 0.70199335 0.12691712]]
k rewards: [1.30123253 1.17632108 0.50671063]
new mu: [0.14426344 1.01951871 0.5068205  1.21468215 0.73343318 0.59590966
 0.10784832 0.59978111 0.47587251 0.77114602 0.51505481 0.46933972
 0.65033441]

new sigma: [0.12696802 1.53475035 0.55592885 1.1372748  0.66866279 0.64817445
 0.11239472 0.82618313 0.480912   0.73481922 0.4374398  0.53132749
 0.64766946]

episode: 1
params with best fitness: [0.07173466 1.8206561  1.1857957  1.1631657  0.9172182  0.43683052
 0.1619216  1.2859113  0.91201204 0.44041148 0.3086265  0.34747502
 0.28346467] with reward 7.063950122290784

/home/ranger/.local/lib/python3.10/site-packages/gymnasium/envs/mujoco/half_cheetah_v4.py:192: RuntimeWarning: overflow encountered in square
  control_cost = self._ctrl_cost_weight * np.sum(np.square(action))
--------------------- Episode: 1   median score: 0.0 ------------------
all rewards: [7.06395012 0.         0.         0.         0.         0.
 0.5641044  0.         0.         0.         0.         0.
 0.         0.         0.         0.         0.00937327 0.
 0.         0.         0.37469201 0.         0.71824405 0.
 0.         0.09545235 0.         0.         0.         0.
 0.23153558 0.         0.         0.25517493 0.         0.
 0.         0.         0.         0.        ]

k params: [[0.07173466 0.23375808 0.27650034]
 [1.82065606 1.22355103 1.03512001]
 [1.18579566 0.07921094 0.50239575]
 [1.16316569 1.3799392  2.95359945]
 [0.91721821 0.54667866 0.43948185]
 [0.43683052 0.85477513 0.16367762]
 [0.16192161 0.17144941 0.02888991]
 [1.28591132 0.88767254 1.67281353]
 [0.91201204 0.25966156 0.49543202]
 [0.44041148 1.1621927  1.69097018]
 [0.3086265  0.75980937 1.24749303]
 [0.34747502 0.18850766 0.97772849]
 [0.28346467 0.23632981 0.30143833]]
k rewards: [7.06395012 0.71824405 0.5641044 ]
new mu: [0.09951722 1.71617963 1.04437887 1.30283094 0.85304233 0.45433522
 0.15375026 1.27779043 0.82771821 0.58704663 0.41090875 0.3763922
 0.28062325]

new sigma: [0.07951927 0.73946518 0.63711332 0.45713161 0.19346519 0.19952877
 0.05695746 0.69526682 0.40625216 0.40363664 0.27835043 0.19189771
 0.36998823]

episode: 2
params with best fitness: [0.0742895  2.8805     0.975921   1.1368405  1.0976588  0.13864844
 0.11016723 2.028146   0.99815744 1.2352041  0.40247327 0.21148482
 0.5550294 ] with reward 44.881988207117345

--------------------- Episode: 2   median score: 0.0 ------------------
all rewards: [ 0.          0.28231458  0.          0.         44.88198821  0.
  0.          0.          0.21612659  0.          0.29326625  0.
  0.          0.          3.23352735  0.          5.4998675   0.
  0.          0.          0.          0.          0.          0.
  0.          0.          1.21817289  0.         19.63750694  1.42961435
  0.          0.          0.         10.73209503  3.34521092  0.
  0.          0.          0.          0.        ]

k params: [[0.0742895  0.05396237 0.0521263 ]
 [2.88050008 1.74687135 2.29034233]
 [0.97592098 0.56186408 0.76519078]
 [1.13684046 0.94775075 0.75226372]
 [1.09765875 1.16213632 0.982934  ]
 [0.13864844 0.38429886 0.51708454]
 [0.11016723 0.22799733 0.11431608]
 [2.02814603 1.70004976 1.22271669]
 [0.99815744 0.99090385 0.76908141]
 [1.2352041  0.14187989 1.02807176]
 [0.40247327 0.27298343 0.56277722]
 [0.21148482 0.31395766 0.49054858]
 [0.55502939 0.33574823 0.90045452]]
k rewards: [44.88198821 19.63750694 10.73209503]
new mu: [0.06582414 2.50050451 0.83781596 1.03264911 1.09812308 0.256724
 0.14150763 1.82765941 0.96359461 0.92035194 0.3915438  0.27802494
 0.54706943]

new sigma: [0.0352341  0.92509511 0.27325425 0.30424619 0.25105046 0.2475485
 0.05285111 0.61868398 0.15737039 0.57447154 0.09108266 0.13818549
 0.31700934]

episode: 3
--------------------- Episode: 3   median score: 0.0 ------------------
all rewards: [0.00000000e+00 0.00000000e+00 0.00000000e+00 0.00000000e+00
 0.00000000e+00 0.00000000e+00 0.00000000e+00 0.00000000e+00
 2.28353878e+01 0.00000000e+00 4.37620084e+01 0.00000000e+00
 0.00000000e+00 2.00971361e-01 0.00000000e+00 0.00000000e+00
 0.00000000e+00 2.61689729e+01 2.97830223e+01 0.00000000e+00
 0.00000000e+00 0.00000000e+00 0.00000000e+00 0.00000000e+00
 0.00000000e+00 0.00000000e+00 0.00000000e+00 0.00000000e+00
 0.00000000e+00 8.58098144e-03 0.00000000e+00 0.00000000e+00
 3.82267982e+01 0.00000000e+00 0.00000000e+00 0.00000000e+00
 0.00000000e+00 0.00000000e+00 0.00000000e+00 0.00000000e+00]

k params: [[0.05174936 0.06547757 0.05690324]
 [1.59326947 3.93798661 2.22330856]
 [0.59884113 0.93001175 0.75027591]
 [0.92446131 1.38247764 1.27839541]
 [1.3900075  1.04589736 1.31985533]
 [0.15981102 0.35322824 0.52680969]
 [0.21676709 0.24078518 0.09326114]
 [1.18292105 2.32064629 2.72395015]
 [0.79213411 1.03257334 0.94465971]
 [0.27051938 0.87779194 1.47652638]
 [0.3477506  0.28600454 0.44130772]
 [0.32626435 0.3518227  0.27367812]
 [0.91642869 1.15280533 0.32703647]]
k rewards: [43.76200843 38.2267982  29.78302234]
new mu: [0.05781783 2.56306211 0.75245567 1.17541654 1.25362633 0.3237526
 0.19207173 1.98265832 0.9150085  0.79956699 0.35156247 0.32099323
 0.84022022]

new sigma: [0.00994026 1.02442261 0.16525412 0.25005916 0.21769359 0.16217243
 0.07879535 0.67818404 0.11503608 0.49837792 0.0722512  0.05271386
 0.43795389]

episode: 4
params with best fitness: [0.06220713 3.189198   0.8983684  1.1490556  1.3310536  0.2094336
 0.07200811 2.0391188  0.84717685 0.8712501  0.42894387 0.33134708
 0.31758428] with reward 67.78837807918914

params with best fitness: [0.06912142 1.9444846  0.8815807  1.0202855  1.3363234  0.32926014
 0.11664661 1.7941375  1.1588664  0.7555067  0.4512963  0.30800518
 0.67588454] with reward 92.54225482296945

--------------------- Episode: 4   median score: 8.517035006243713 ------------------
all rewards: [ 0.         10.15823057 67.78837808  6.87583944 11.20010846  0.
  0.         27.93416995  0.         66.00451798 41.59384889 65.74869204
  0.          0.          0.          0.          0.         20.4859157
  0.          0.         55.96747047  0.         14.79976925 10.70684696
 13.40506376  0.         29.43954335 23.4243014   6.87058564 42.5984008
  0.          0.          0.         12.85713523 92.54225482 72.29047418
  1.45880273  0.         47.20271439 48.90578544]

k params: [[0.06912142 0.06636271 0.06220713]
 [1.94448459 4.31380653 3.18919802]
 [0.88158071 0.81910187 0.89836842]
 [1.02028549 1.18235075 1.1490556 ]
 [1.33632338 1.33923209 1.33105361]
 [0.32926014 0.55327648 0.2094336 ]
 [0.11664661 0.23034275 0.07200811]
 [1.79413748 1.75803792 2.03911877]
 [1.15886641 0.85649228 0.84717685]
 [0.75550669 0.32096806 0.87125009]
 [0.4512963  0.35459188 0.42894387]
 [0.30800518 0.22459494 0.33134708]
 [0.67588454 0.06212573 0.31758428]]
k rewards: [92.54225482 72.29047418 67.78837808]
new mu: [0.06624921 3.04351002 0.8670566  1.10817473 1.33569164 0.36395777
 0.13897122 1.85430928 0.97406934 0.65419626 0.41473021 0.28888629
 0.38073717]

new sigma: [0.0088958  1.10408179 0.11923781 0.09895117 0.08212817 0.14209835
 0.08318136 0.17534849 0.1614379  0.27102133 0.07553064 0.05464588
 0.52772047]

episode: 5
params with best fitness: [0.06404319 5.1826825  0.81154746 1.1435298  1.253172   0.2802589
 0.14241281 1.8133271  1.078225   0.75192446 0.5218113  0.24961452
 0.8634252 ] with reward 95.96147389628742

--------------------- Episode: 5   median score: 13.70451114230482 ------------------
all rewards: [14.37875659 37.46246024 25.9343769  17.26506076 18.1483282  68.63622771
  0.          0.         58.48293917  0.         16.38256104  0.
 36.79882086 21.15175603  6.56980729  0.          7.98407487 70.08729041
  0.          0.          9.59833032  1.99790234 26.66814659 16.48800806
 62.84798565  0.          0.         13.03026569 63.39371554 11.32512577
  0.         16.40781105  0.          0.          0.         95.9614739
 55.2375529  61.79017205  7.7826894  64.0918313 ]

k params: [[0.06404319 0.05311749 0.08197326]
 [5.18268251 1.03931785 2.93471551]
 [0.81154746 0.72044241 0.72262692]
 [1.14352977 1.27367485 1.01765168]
 [1.25317204 1.29994059 1.24606621]
 [0.28025889 0.29470107 0.27096114]
 [0.14241281 0.13334265 0.18206568]
 [1.81332707 1.61773658 1.94640458]
 [1.07822502 0.94524229 0.79637039]
 [0.75192446 0.90156066 0.39333031]
 [0.52181131 0.26027736 0.40747291]
 [0.24961452 0.33189657 0.31861794]
 [0.8634252  0.92190588 0.47832906]]
k rewards: [95.9614739  70.08729041 68.63622771]
new mu: [0.06602414 3.28784819 0.75833368 1.14558239 1.26506101 0.28185273
 0.15130098 1.79383512 0.956079   0.69173759 0.4102662  0.29436839
 0.76826447]

new sigma: [0.01121599 1.75333338 0.11738911 0.10529771 0.07426525 0.08262124
 0.02361024 0.14100137 0.11797902 0.20513736 0.10875798 0.03796855
 0.43071441]

episode: 6
--------------------- Episode: 6   median score: 26.014102662005534 ------------------
all rewards: [ 0.          1.59309201 29.41251224 52.41627682 26.27201754 10.48931839
 30.18229752  0.          1.85781687 29.63779724  8.10150235 17.72205111
 53.95550052 65.39784758 52.10076551 16.52788512 47.69034924 25.75618779
  0.         27.05778964 66.50800731 14.94319352  0.         41.79672769
 28.15956666 22.83348414 27.13345792  0.          0.          0.
  0.         28.86423923 35.63815453 35.19524885 58.84743273  1.93394221
 29.6637435  31.1061353   0.         20.34856941]

k params: [[0.05559362 0.05649323 0.07267437]
 [6.0976305  4.20706511 3.87727237]
 [0.6029489  0.85719413 0.85834539]
 [1.22074735 1.1787436  1.0621388 ]
 [1.24657762 1.31853902 1.24559116]
 [0.08657195 0.212669   0.31440392]
 [0.13186102 0.11574255 0.15124071]
 [2.07517123 1.68246973 1.67661619]
 [0.84643018 1.01901329 0.96609813]
 [0.67197096 0.37146902 0.60142428]
 [0.31849778 0.39416507 0.17384075]
 [0.31136161 0.28781691 0.32337692]
 [0.92352438 0.30240861 0.75191677]]
k rewards: [66.50800731 65.39784758 58.84743273]
new mu: [0.06117146 4.76448816 0.7689042  1.15741601 1.27094454 0.20008927
 0.1323136  1.81758315 0.94251615 0.54718322 0.29981282 0.30699627
 0.65764009]

new sigma: [0.00909501 1.77468072 0.12187955 0.06704397 0.03487903 0.12354692
 0.02377502 0.18996656 0.07470443 0.19446921 0.14237042 0.0193649
 0.28790766]

episode: 7
--------------------- Episode: 7   median score: 15.45094365834092 ------------------
all rewards: [13.91480602 22.18499157 36.52562096 43.59302282  2.92848818  9.83593255
 31.87056587  0.          6.23562819 90.80291951 54.12248625 10.55460985
  0.          0.         37.52835133  0.         17.12305244 39.00268126
 70.84788012  0.         19.6748494   0.          6.96889082  9.17893857
  0.          0.          0.          1.16261027 82.09266142 53.53483912
 16.9870813   0.         33.0552558  43.12080964  5.86480334 40.01034968
  0.         67.23338095 37.8696129  21.78345223]

k params: [[0.05748402 0.06659195 0.07042485]
 [2.55978775 2.34433818 5.91714954]
 [0.63693774 0.82233912 0.53884286]
 [1.07293952 1.13827038 1.03198111]
 [1.30069911 1.28665185 1.33562839]
 [0.19758497 0.24961922 0.10924014]
 [0.12228023 0.14932948 0.14121342]
 [1.67920089 1.85661173 2.00249052]
 [0.88883734 0.92113179 0.83862466]
 [0.54668313 0.53050363 0.52049816]
 [0.42624551 0.282978   0.1756392 ]
 [0.29104617 0.32479209 0.32357544]
 [0.82205397 0.84867698 0.14939825]]
k rewards: [90.80291951 82.09266142 70.84788012]
new mu: [0.06431302 3.4630946  0.67086799 1.08303771 1.30612075 0.18943126
 0.13689363 1.83292199 0.88511898 0.53362281 0.30515042 0.31186692
 0.63550259]

new sigma: [0.00631265 2.04197082 0.15110867 0.08576292 0.0403616  0.05681203
 0.01257148 0.13260849 0.06606608 0.01734286 0.10262703 0.01677293
 0.31215968]

episode: 8
params with best fitness: [0.0568945  5.072525   0.7578649  1.0437163  1.3410189  0.1519632
 0.13654745 2.0986435  0.82442904 0.5283448  0.31694782 0.30019546
 0.67816144] with reward 111.49281883443588

params with best fitness: [0.06038758 1.0937169  0.7977921  0.9922621  1.3340572  0.19291072
 0.12310079 1.6945527  0.95681196 0.5184636  0.25901556 0.32270628
 0.9579671 ] with reward 119.06226831683539

--------------------- Episode: 8   median score: 14.771549551491566 ------------------
all rewards: [  0.           0.         111.49281883  27.30876449  32.46247737
  29.48212471   0.          10.76323931  52.40174414  13.92574529
   0.         119.06226832  25.8818449    0.          75.55085445
  15.61735382  35.42925883  39.42361716   0.          50.8710463
   3.3447057   27.56811366   5.44720983   3.64672645   0.
  11.12770411   0.           9.54460528  18.935684     0.
   0.          10.43018223  16.67664341  30.11937522   9.76516245
  17.96359397  32.01546399   0.          45.44168002  50.6448118 ]

k params: [[0.06038758 0.0568945  0.06166216]
 [1.09371686 5.07252502 1.94374979]
 [0.79779208 0.75786489 0.3254821 ]
 [0.99226213 1.04371631 0.98101085]
 [1.33405721 1.34101892 1.29655433]
 [0.19291072 0.1519632  0.12289967]
 [0.12310079 0.13654745 0.12924778]
 [1.69455266 2.09864354 1.79593456]
 [0.95681196 0.82442904 0.96604645]
 [0.51846361 0.52834481 0.48642102]
 [0.25901556 0.31694782 0.17276323]
 [0.32270628 0.30019546 0.33207434]
 [0.9579671  0.67816144 0.49406347]]
k rewards: [119.06226832 111.49281883  75.55085445]
new mu: [0.05942988 2.75271521 0.66667729 1.0082263  1.32733668 0.1607168
 0.12951562 1.86675683 0.91087338 0.51415411 0.25882802 0.31681933
 0.74155628]

new sigma: [0.00527001 1.9227027  0.19612573 0.07960808 0.02774413 0.0401066
 0.00940576 0.18303597 0.07040733 0.02548393 0.07214078 0.01400355
 0.21458202]

episode: 9
--------------------- Episode: 9   median score: 5.861790578838697 ------------------
all rewards: [ 0.          0.         14.81298377  0.          6.49682778 35.50972579
 75.19870376  0.          0.         27.38196581 57.36995675  0.
  0.          0.6262287   6.749593   29.66619037  0.          0.
 10.81042978 27.62455279  0.          0.         38.5420879   7.07566767
 39.36815583  0.         19.00640963  0.          0.          0.
  2.44117494 24.18750371 25.5988196  54.61237892 14.45899194 10.46399979
  0.          0.          5.22675338 22.36849024]

k params: [[0.05348931 0.0633347  0.05250393]
 [4.23306322 3.26038027 2.21547842]
 [0.67418331 0.90857762 0.75828278]
 [0.98062706 0.94108909 0.81941295]
 [1.32328379 1.30450308 1.34344709]
 [0.2283802  0.10352354 0.16256389]
 [0.14384487 0.13382934 0.12883118]
 [1.81236601 1.80198312 1.91786134]
 [1.04914474 0.92823869 0.8561402 ]
 [0.4792136  0.50799286 0.46953765]
 [0.29819736 0.30216828 0.14417225]
 [0.31661269 0.32334653 0.33872271]
 [0.41375309 1.14358199 0.81400138]]
k rewards: [75.19870376 57.36995675 54.61237892]
new mu: [0.05621937 3.34628599 0.77056093 0.92147268 1.3234105  0.1709096
 0.13639474 1.83996328 0.95577625 0.4852112  0.2544757  0.32512744
 0.754219  ]

new sigma: [0.00573118 1.02156374 0.14284866 0.10994989 0.01556029 0.05331862
 0.00939835 0.05688961 0.09299128 0.03290729 0.07094987 0.01237135
 0.30698145]

episode: 10
--------------------- Episode: 10   median score: 13.25015336280374 ------------------
all rewards: [ 0.         79.1474063   0.         68.24254291 63.03909803 10.20421013
  0.         48.5074352  63.5158968  42.27455826  0.         19.9570029
  0.          0.         34.5761656   8.31361023  5.9515944  62.16180483
 21.31001418 19.9930688  11.65702724 24.53597276  0.          0.
 58.65573229  0.         28.42706465 11.73591639 34.99411492 32.24434377
  6.24304145  7.69462712  7.01991237 14.76439034 54.54917279 25.14244971
  9.49866277  0.          0.         33.18748899]

k params: [[0.0618994  0.0553516  0.05939184]
 [4.58866501 1.9497596  4.43860531]
 [0.50893337 0.81182492 0.36372328]
 [0.69874269 1.06030846 0.88020539]
 [1.323722   1.31994355 1.31396008]
 [0.1645228  0.12259309 0.13041724]
 [0.14148387 0.12888697 0.12894414]
 [1.79907203 1.71847761 1.908342  ]
 [0.88163692 0.8838163  0.99616736]
 [0.43555415 0.4622944  0.39188012]
 [0.33920619 0.25499731 0.18510756]
 [0.33714136 0.31044888 0.3328853 ]
 [0.69147205 0.58116603 0.82332432]]
k rewards: [79.1474063  68.24254291 63.5158968 ]
new mu: [0.05902557 3.68960604 0.56320849 0.87038295 1.31955953 0.14068451
 0.13363147 1.80590167 0.91683381 0.43105369 0.26555086 0.32722276
 0.69548878]

new sigma: [0.003922   1.25284406 0.27583457 0.15926894 0.00555177 0.03555927
 0.00668397 0.08252925 0.06503522 0.06098017 0.06436945 0.01191663
 0.11227525]

episode: 11
--------------------- Episode: 11   median score: 21.080405316524015 ------------------
all rewards: [ 3.73136269  0.10215141 58.71567643 32.9075859  18.47158705 59.68598648
 45.20817507 57.6691074  21.86589594 44.86191407 19.20269125 20.2949147
  0.         37.29774378  0.         25.14361382 23.80370497 25.28838563
 53.26513054  0.         11.79512473 84.31119517 64.39368198  0.
  0.          0.         15.35888626 26.13615103 37.05027271  9.55983982
  0.         18.29153882 52.97290188 61.92655321  0.         34.38468629
 32.9203847  17.96792307  0.          2.07090665]

k params: [[0.06436863 0.06394464 0.05717601]
 [1.71778095 3.637779   1.85431337]
 [1.09346342 0.53368741 0.68872148]
 [0.82734555 0.48001248 0.94044983]
 [1.31944299 1.31949306 1.31638598]
 [0.13708755 0.12349188 0.13002723]
 [0.12217207 0.14646487 0.13617456]
 [1.87497425 1.84688759 1.82808602]
 [1.05058241 0.94438207 0.83132023]
 [0.34416354 0.37435448 0.35863596]
 [0.25675991 0.33420908 0.18316999]
 [0.32656506 0.31718856 0.32304063]
 [0.75663191 0.88785315 0.70824486]]
k rewards: [84.31119517 64.39368198 61.92655321]
new mu: [0.06212435 2.34489878 0.8033343  0.75441295 1.31855952 0.13085535
 0.13371559 1.85260233 0.95365109 0.35764839 0.25880171 0.3226623
 0.78252252]

new sigma: [0.00445315 1.59606878 0.34270162 0.22084558 0.00172274 0.01135504
 0.01023795 0.05067531 0.09768517 0.07447642 0.05888432 0.00600804
 0.11338894]

episode: 12
--------------------- Episode: 12   median score: 5.1542699400452445 ------------------
all rewards: [22.92297231  0.         40.95531861  0.         22.91291671  7.04903925
  0.          0.          0.          0.          0.          0.
  0.          0.         56.06115348 31.94986844  0.         13.60270717
  0.         19.68445778 17.4705207  13.28229472  0.         10.98290505
 41.49568677 18.65790227  0.         17.59958408 33.6660437  32.78967922
  2.02813112  0.          0.         14.96290458  3.25950063  0.
 19.39273177 71.33493988 14.40294813  2.49619816]

k params: [[0.06829912 0.06202342 0.05840841]
 [1.68113089 3.61143804 2.17116499]
 [0.96826643 0.23085636 0.38462159]
 [0.72338021 0.98719698 0.68735385]
 [1.31674552 1.31932676 1.31606174]
 [0.12288999 0.13753065 0.12618937]
 [0.12488805 0.12199266 0.13911562]
 [1.81399417 1.88563514 1.92452669]
 [0.92149055 1.04535139 1.0621022 ]
 [0.32285091 0.46502414 0.2957828 ]
 [0.24709745 0.17534575 0.25075641]
 [0.31753996 0.32072759 0.32781428]
 [0.6142053  0.7607711  0.92830485]]
k rewards: [71.33493988 56.06115348 41.49568677]
new mu: [0.06378591 2.44226649 0.58009595 0.80209887 1.31743432 0.12856038
 0.12742259 1.86493151 0.99715177 0.36339276 0.22417951 0.32112238
 0.74002803]

new sigma: [0.00441589 0.85203989 0.40416609 0.13963764 0.00176582 0.00685115
 0.00925715 0.0475687  0.07821668 0.07265574 0.04884321 0.00434122
 0.1316993 ]

episode: 13
--------------------- Episode: 13   median score: 25.14384790578181 ------------------
all rewards: [ 0.          0.          8.15429709 65.83173529 20.83864506 49.22719395
 75.92444437 25.17343593 15.94830327  0.         29.98043145 14.90410159
 45.98496888 72.82777518 65.87710049 11.59498079 25.05335196 49.88901269
  1.2241159  32.21426676 36.80967088 74.367558   15.45925167 15.66209702
 39.65106534 19.33002632 31.93127188  0.          7.32690702 92.82323795
 72.38882136 35.32976089 60.67701584 44.57607544  0.          0.
 25.11425988 30.03978225  2.32191382  9.21598412]

k params: [[0.05926938 0.0607828  0.06470451]
 [2.47752309 2.40390062 1.77607274]
 [1.14626372 0.98465198 0.80628091]
 [0.48102728 0.8573038  0.83603579]
 [1.31959641 1.31724048 1.31450295]
 [0.12942222 0.13273852 0.12787876]
 [0.12561844 0.12697563 0.13985407]
 [1.81931841 1.85732365 1.89289284]
 [0.97731763 1.05636907 1.00271654]
 [0.29360965 0.25940832 0.36982587]
 [0.2548326  0.26821133 0.32447812]
 [0.32225049 0.32135212 0.31449381]
 [0.68034166 0.69508362 0.58149987]]
k rewards: [92.82323795 75.92444437 74.367558  ]
new mu: [0.06140459 2.23996129 0.99179388 0.70713281 1.3173026  0.12998576
 0.13039689 1.85369337 1.00977463 0.30624274 0.28031492 0.3195972
 0.65471041]

new sigma: [0.00329593 0.36972216 0.43491236 0.20165178 0.00210358 0.00242434
 0.00696983 0.03242848 0.03542323 0.07244824 0.06357259 0.003734
 0.09837937]

episode: 14
--------------------- Episode: 14   median score: 28.24936112957053 ------------------
all rewards: [108.38152321   0.           3.60730446  65.6625797    0.
  46.24074224  23.50692962  35.50676387  40.34930121  59.11211567
  87.35813092  35.51360503  13.70286642  35.8837757   22.18664807
  55.18813188   0.          56.96166239   5.20170559  86.32110468
   6.55091496  42.81896725   2.70244046  20.60157738   0.
   0.          30.64154886   0.          42.37823449   0.
   4.57605389  70.67067028  28.83254027   0.          12.9878769
  45.82748584 108.66261508  27.66618199  33.64461398   0.        ]

k params: [[0.06143889 0.06295943 0.06590757]
 [2.28081584 2.76902413 2.07837796]
 [0.63321275 1.45785296 1.02935672]
 [0.53158504 0.840895   1.08817065]
 [1.31580782 1.31409359 1.31647551]
 [0.1314045  0.13189128 0.12843974]
 [0.13263537 0.12544388 0.13510193]
 [1.88778758 1.86110365 1.86233795]
 [1.00969768 1.01421869 1.01611352]
 [0.32137528 0.51076704 0.39047083]
 [0.28407294 0.2926406  0.32927895]
 [0.31627801 0.3203406  0.31462115]
 [0.77119035 0.60098428 0.82859367]]
k rewards: [108.66261508 108.38152321  87.35813092]
new mu: [0.0632627  2.39654482 1.04050984 0.80144427 1.31538909 0.13072698
 0.13078272 1.87098325 1.0131486  0.40863687 0.30009676 0.31724899
 0.72706273]

new sigma: [0.00258462 0.32825131 0.35162721 0.24297781 0.00215879 0.00164234
 0.00410809 0.02135287 0.00430875 0.13042706 0.02733435 0.00335195
 0.12061501]

episode: 15
--------------------- Episode: 15   median score: 17.686963150816148 ------------------
all rewards: [ 19.13539404   0.          58.34465694   0.           0.
  59.83797898  33.07296253   9.90333786  58.11610726   3.34809258
   0.          47.43240992  36.68499117   0.          21.58789914
  27.07159507   0.          31.96781576   0.          15.90323889
  67.16165716  19.22381041  83.57336585   0.         103.89223028
  80.84285704   4.31414333   5.3235172   13.26992337   8.76519835
   0.          36.88691826   5.44140134  57.17133114  22.69220455
   0.          64.24919877   1.03636574  16.23853227  27.08166422]

k params: [[0.0609809  0.06382379 0.06391764]
 [2.44241476 1.58649194 2.49866152]
 [0.88842511 0.95033634 1.17160666]
 [0.86475134 0.54242176 0.88787806]
 [1.31519663 1.31314409 1.3157779 ]
 [0.12955979 0.12941162 0.13257606]
 [0.12933677 0.12764715 0.12120935]
 [1.8662169  1.85061896 1.90539193]
 [1.01407802 1.00992346 1.01498854]
 [0.01702305 0.42187482 0.61055291]
 [0.32473028 0.23597938 0.37168503]
 [0.31312811 0.32100266 0.32605776]
 [0.56416965 0.67578346 0.70227098]]
k rewards: [103.89223028  83.57336585  80.84285704]
new mu: [0.06275127 2.19275732 0.99303357 0.77131955 1.31473244 0.13042246
 0.12636165 1.87316207 1.01305829 0.32196117 0.31123366 0.31947667
 0.6405461 ]

new sigma: [0.00149779 0.45645041 0.12910158 0.15716565 0.00127663 0.00144797
 0.00561128 0.02224192 0.00214346 0.26781    0.05531397 0.00586037
 0.10620074]

episode: 16
--------------------- Episode: 16   median score: 27.007941528245638 ------------------
all rewards: [37.91403429  0.          0.         42.74759469 71.36501152 47.4412347
 22.65530646 73.50833533  0.         43.08842496  6.91805014 40.09912422
  0.          2.19209761  0.         62.8425593  69.62679836 77.08961324
 28.61098196  7.0837619  26.71023081  6.34685189  0.          4.17796791
 19.30721868 50.69957935 62.0896802  28.50776994 25.05511203 38.20943441
 67.29835701 11.04482767 23.76704632 45.18116283 27.30565225 64.37926133
 59.55379229 23.64852866  0.32357392  0.        ]

k params: [[0.0646303  0.06266752 0.06261049]
 [1.50049365 2.19727921 1.79572201]
 [0.98897195 0.99827552 1.13823187]
 [0.86654109 0.95073903 0.75112647]
 [1.31403232 1.31562662 1.31507051]
 [0.12899229 0.12967139 0.13072182]
 [0.13047768 0.11643811 0.12630987]
 [1.8890512  1.83732879 1.87520647]
 [1.01494062 1.01454389 1.01354837]
 [0.63523453 0.30937126 0.14118253]
 [0.26855552 0.33683932 0.35784137]
 [0.32394952 0.3251293  0.31954107]
 [0.56643003 0.55110931 0.79711926]]
k rewards: [77.08961324 73.50833533 71.36501152]
new mu: [0.06333087 1.82617196 1.04004275 0.85731741 1.31489411 0.12977327
 0.12448812 1.86747076 1.0143616  0.36847068 0.31987631 0.32292284
 0.63552687]

new sigma: [0.00111129 0.46597226 0.08242112 0.11807256 0.00068686 0.00096229
 0.00620466 0.02267735 0.00142783 0.21129342 0.03934661 0.00418705
 0.11152994]

episode: 17
--------------------- Episode: 17   median score: 25.918274509706464 ------------------
all rewards: [17.37650855 37.02555644 80.65154703 19.99513338  3.45643535 33.55621725
  0.          0.         30.45330594 57.0372048  50.87783129  4.67183021
 15.52058096 75.81442429 31.70670959  7.80299371  0.         19.84460848
 12.53492929 74.32253182 37.79022568 59.1379796  65.09986    36.56216044
 26.69212281 43.04562132 51.08182206  0.         52.71557506  6.33990527
  0.         13.53388749 88.36650548 14.77244272  0.         42.62514695
  0.         31.80035346 13.33639237 25.14442621]

k params: [[0.06344144 0.06258746 0.06193828]
 [1.47838521 1.81777108 1.01671755]
 [1.02009678 1.15099466 1.0220288 ]
 [0.83747619 0.92759734 0.90989113]
 [1.31454146 1.31486249 1.31492412]
 [0.12960541 0.12854388 0.13011627]
 [0.11647467 0.12821564 0.13418691]
 [1.89748394 1.84109092 1.88878715]
 [1.01303267 1.01360583 1.01380944]
 [0.22415221 0.34365767 0.01019334]
 [0.30751133 0.27613884 0.37609094]
 [0.33154017 0.31760764 0.32583517]
 [0.62480342 0.80167353 0.66707802]]
k rewards: [88.36650548 80.65154703 75.81442429]
new mu: [0.06269466 1.44722483 1.0638148  0.88958736 1.31476571 0.12941392
 0.12582707 1.87621419 1.01346201 0.19726498 0.31841301 0.32518398
 0.69615781]

new sigma: [8.87127321e-04 4.96560748e-01 6.55689358e-02 5.12352650e-02
 2.13290892e-04 7.37884258e-04 7.54205348e-03 2.63640523e-02
 9.59155498e-04 2.17873120e-01 4.07908074e-02 6.22371671e-03
 9.71759936e-02]

episode: 18
--------------------- Episode: 18   median score: 14.784359273605405 ------------------
all rewards: [75.43795135 95.04510155 14.11111367 48.57914513 50.00728753  0.
 30.60007084  5.01811949 31.05167639 38.82645009 33.98544413 12.72355646
 12.5225724   0.         61.43484028  0.         13.69877859 23.91420301
  4.15473825 31.75268551 68.96523253 26.53400854 15.45760488  0.
 33.19080787 55.20694755  0.         25.3144011  13.02622993  0.
  0.          0.          0.          0.          6.96899657 53.36297785
 30.39185801  8.49119635 34.34906911  0.90712447]

k params: [[0.06158626 0.06310144 0.06362211]
 [1.28960049 1.34207916 1.52416956]
 [1.06514871 1.06424403 1.10492146]
 [0.90691775 0.97975147 0.86016142]
 [1.3148185  1.31517088 1.31432652]
 [0.12941639 0.13013108 0.12885542]
 [0.12813106 0.13257883 0.11351316]
 [1.9055258  1.85341835 1.86365891]
 [1.0142504  1.01428103 1.01524472]
 [0.48781091 0.44304052 0.41237903]
 [0.31416869 0.28610751 0.30404487]
 [0.31410542 0.32837147 0.32440323]
 [0.79299736 0.71066976 0.66340339]]
k rewards: [95.04510155 75.43795135 68.96523253]
new mu: [0.06264998 1.37369378 1.07631893 0.91639732 1.31478782 0.12947998
 0.12532212 1.87705101 1.01454643 0.45198036 0.30241221 0.32156587
 0.72973483]

new sigma: [0.00088743 0.12267948 0.02207812 0.05412779 0.00032921 0.00050187
 0.00775511 0.02345529 0.00117191 0.25664448 0.01988489 0.00721761
 0.06401369]

episode: 19
--------------------- Episode: 19   median score: 29.78990993537535 ------------------
all rewards: [ 42.18185228  40.79609052  80.70090738  75.16170316  29.47364472
  30.10617515  35.76555371   0.           9.5778793   18.03605346
  11.6104718   89.87430891  47.08358598  17.33351213   0.
   0.          10.41033335  44.69300347  77.44641022  35.87449847
 105.58016718   7.79045987  55.41466157   0.           2.37789879
  21.09019874  43.83083486  24.68688068  43.72268697  31.33662374
   0.           0.          14.7564374   25.66607882  62.74035708
  75.51666338   0.          51.32866665  55.52936933   0.        ]

k params: [[0.06251527 0.06377998 0.063283  ]
 [1.24084449 1.54994881 1.34812689]
 [1.06480598 1.08661222 1.10261154]
 [0.88621312 0.92972946 0.90955704]
 [1.31447768 1.3151772  1.31515682]
 [0.12996933 0.12957412 0.12891896]
 [0.12639126 0.11793583 0.12335151]
 [1.85695171 1.92513621 1.87432981]
 [1.01332033 1.01387918 1.01622903]
 [0.47054315 0.87308061 0.4752222 ]
 [0.25363934 0.24816935 0.27855521]
 [0.31479466 0.3187913  0.32751805]
 [0.71988213 0.72900462 0.83657885]]
k rewards: [105.58016718  89.87430891  80.70090738]
new mu: [0.06315122 1.37279312 1.08295071 0.90719724 1.3149038  0.12953376
 0.12275115 1.88422064 1.01435222 0.60291565 0.25914031 0.31981352
 0.75695332]

new sigma: [0.00073458 0.13057149 0.01694629 0.02049019 0.00035483 0.00043176
 0.0043963  0.03015148 0.00124379 0.2408316  0.04509269 0.00551251
 0.05807996]

best mu: [0.06315122 1.37279312 1.08295071 0.90719724 1.3149038  0.12953376
 0.12275115 1.88422064 1.01435222 0.60291565 0.25914031 0.31981352
 0.75695332]

best sigma: [0.00073458 0.13057149 0.01694629 0.02049019 0.00035483 0.00043176
 0.0043963  0.03015148 0.00124379 0.2408316  0.04509269 0.00551251
 0.05807996]

best params: [0.06038758 1.0937169  0.7977921  0.9922621  1.3340572  0.19291072
 0.12310079 1.6945527  0.95681196 0.5184636  0.25901556 0.32270628
 0.9579671 ] got reward of 119.06226831683539









