# Elapsed_Time_Seconds
0.000000
1.026418
1.062439
1.109886
1.160863
1.222217
1.247823
1.300995
1.358367
1.416128
1.467357
1.495533
1.568904
1.608419
1.635210
1.712717
1.754161
1.811457
1.853546
1.904652
1.965189
2.009032
2.050366
2.092936
2.174034
2.222114
2.243631
2.308233
2.346382
2.391921
2.442075
2.498356
2.551995
2.610251
2.654145
2.701609
2.761094
2.794375
2.865140
2.865140
2.929079
2.991620
3.067931
3.098812
3.146698
3.212375
3.263797
3.278440
3.319451
3.416774
3.456973
3.510803
3.561581
3.612397
3.658877
3.723479
3.744426
3.807472
3.870176
3.899639
3.965103
4.007797
4.065493
4.109203
4.141088
4.207349
4.266044
4.316296
4.343443
4.420156
4.461098
4.502978
4.538151
4.621555
4.647958
4.703324
4.757239
4.811469
4.866361
4.910442
4.951046
4.998636
5.050253
5.124353
5.150436
5.188096
5.265806
5.315678
5.364204
5.400362
5.462183
5.513498
5.553882
5.577499
5.669829
5.714483
5.760043
5.788558
5.865927
5.921546
5.970379
5.999270
6.058074
6.105447
6.167722
6.206859
6.266792
6.317078
6.357528
6.407216
6.467247
6.513985
6.555123
6.619448
6.667191
6.711297
6.768901
6.799744
6.855672
6.911827
6.960473
7.003733
7.058722
7.112065
7.167606
7.184345
7.260869
7.322697
7.370766
7.390560
7.455335
7.519726
7.558730
7.615311
7.635261
7.714995
7.742409
7.821100
7.855663
7.924256
7.958157
8.016851
8.059861
8.101081
8.171007
8.210695
8.253057
8.311479
8.367165
8.404227
8.453051
8.514542
8.565270
8.616058
8.649604
8.716880
8.757558
8.802477
8.864067
8.923157
8.967179
9.015007
9.048261
9.115404
9.154977
9.221515
9.271809
9.311389
9.367495
9.397405
9.439245
9.511428
9.561103
9.617543
9.654189
9.720941
9.772701
9.786210
9.868670
9.924534
9.968679
10.002157
10.040907
10.117308
10.161028
10.211932
10.254193
10.310306
10.371070
10.409638
10.468525
10.500348
10.569332
10.606897
10.651949
10.696910
10.761046
10.821850
10.860709
10.915692
10.967331
11.004500
11.060460
11.073506
11.151000
11.213620
11.259199
11.300511
11.347650
11.415294
11.471019
11.511191
11.563858
11.612309
11.656085
11.704782
11.759990
11.811985
11.865017
11.911965
11.971778
12.004509
12.060559
12.104965
12.167069
12.217401
12.260227
12.292919
12.355522
12.414713
12.472182
12.499331
12.533528
12.615486
12.668348
12.710961
12.758236
12.817251
12.868007
12.913679
12.948419
13.001950
13.072732
13.120124
13.151649
13.198276
13.259498
13.315818
13.350769
13.408595
13.471133
13.516373
13.530513
13.592493
13.656604
13.700430
13.758041
13.810064
13.866663
13.910349
13.953445
14.016094
14.052280
14.106214
14.149350
14.200528
14.266293
14.319999
14.365414
14.400151
14.460048
14.511958
14.557058
14.585756
14.672098
14.712748
14.750284
14.812523
14.863391
14.908183
14.949879
15.016287
15.070129
15.090935
15.161781
15.212505
15.236415
15.316826
15.358594
15.417905
15.468232
15.513964
15.557233
15.615443
15.664117
15.710168
15.748471
15.807991
15.863230
15.916715
15.964027
16.012886
16.071794
16.096470
16.161884
16.210195
16.255544
16.316527
16.361384
16.409123
16.471461
16.516047
16.569835
16.616299
16.666458
16.705230
16.767900
16.807464
16.862044
16.915725
16.966756
17.009990
17.053355
17.098135
17.152524
17.207452
17.256423
17.306748
17.352511
17.418151
17.418151
17.501720
17.560505
17.612283
17.633305
17.706500
17.754471
17.822535
17.845632
17.909835
17.964948
18.020118
18.039642
18.116265
18.160951
18.219663
18.261287
18.315012
18.361358
18.413800
18.469487
18.493278
18.558336
18.616376
18.664288
18.696362
18.751899
18.800445
18.843000
18.910697
18.967215
19.009556
19.056183
19.097310
19.153939
19.219781
19.268028
19.311342
19.369202
19.414557
19.473909
19.508134
19.551630
19.616066
19.657493
19.722875
19.751085
19.811530
19.870709
19.900422
19.959021
20.023920
20.064275
20.112185
20.146646
20.206093
20.249115
20.295942
20.346550
20.422266
20.460739
20.506791
20.565947
20.604352
20.659092
20.705743
20.748622
20.806996
20.870465
20.918367
20.958711
21.018897
21.058745
21.113617
21.149223
21.211579
21.264260
21.310503
21.358853
21.417053
21.458475
21.506408
21.548269
21.612743
21.665854
21.721727
21.766137
21.813180
21.858451
21.913303
21.951387
22.008955
22.070190
22.097335
22.147454
22.204219
22.268514
22.312862
22.345037
22.400559
22.442317
22.521971
22.554722
22.583973
22.660837
22.723090
22.749015
22.820216
22.858357
22.917190
22.960041
23.009028
23.059987
23.116607
23.155242
23.206237
23.269513
23.298085
23.354975
23.386386
23.469049
23.512819
23.553302
23.602085
23.659420
23.712262
23.761603
23.817596
23.870034
23.902071
23.958646
23.992357
24.021637
24.118809
24.146662
24.206863
24.262887
24.285924
24.359182
24.402680
24.468860
24.521918
24.568051
24.613867
24.642085
24.716406
24.760980
24.807272
24.864916
24.897914
24.959354
25.021541
25.066983
25.114628
25.158352
25.220310
25.263928
25.312933
25.368996
25.413100
25.459653
25.522351
25.551977
25.608768
25.669242
25.714914
25.768434
25.821025
25.841931
25.912232
25.959780
26.014432
26.043230
26.103400
26.171755
26.211253
26.250130
26.311857
26.353016
26.401369
26.446039
26.503078
26.551010
26.600235
26.654920
26.714605
26.765634
26.811649
26.868898
26.897293
26.953495
27.015693
27.030231
27.120460
27.157710
27.218812
27.242449
27.290218
27.374371
27.409463
27.456949
27.516204
27.566795
27.596788
27.651190
27.722753
27.768821
27.804538
27.861809
27.913444
27.946235
28.006517
28.059872
28.095445
28.165360
28.215977
28.270162
28.319032
28.361723
28.411941
28.446400
28.513180
28.542089
28.609287
28.661229
28.706038
28.764130
28.809461
28.867484
28.917007
28.953075
29.006078
29.037926
29.111475
29.146652
29.217004
29.259416
29.321117
29.344142
29.419197
29.456218
29.499412
29.553514
29.611344
29.653660
29.711041
29.772852
29.795193
29.851077
29.906129
29.956507
30.019992
30.064117
30.108090
30.145520
30.214948
30.262769
30.317677
30.372674
30.398370
30.457378
30.502975
30.553085
30.611102
30.669103
30.704154
30.754977
30.808923
30.854317
30.911652
30.958836
31.008262
31.068403
31.081216
31.122464
31.218892
31.246110
31.319048
31.352023
31.404193
31.454348
31.515745
31.567219
31.600718
31.650328
31.706271
31.760529
31.806364
31.865673
31.913522
31.954000
31.987814
32.055116
32.113473
32.166232
32.215881
32.251560
32.321280
32.355917
32.389771
32.448815
32.519551
32.564562
32.603662
32.667034
32.708759
32.772967
32.772967
32.852602
32.915287
32.956743
32.987889
33.049297
33.113484
33.155783
33.204097
33.246254
33.310873
33.352815
33.396159
33.450138
33.482419
33.554036
33.607482
33.667192
33.711186
33.768130
33.807240
33.864452
33.917330
33.958666
34.017864
34.064109
34.120509
34.170626
34.199240
34.273190
34.296033
34.371422
34.412294
34.461073
34.497943
34.560290
34.614473
34.628545
34.723743
34.766831
34.808330
34.867477
34.894435
34.965358
35.014808
35.050214
35.109223
35.172087
35.215793
35.238203
35.317522
35.370689
35.403991
35.432984
35.514366
35.565219
35.598612
35.669338
35.713396
35.761251
35.820366
35.848495
35.898359
35.958292
36.010874
36.066129
36.100530
36.154939
36.203074
36.243787
36.275054
36.346466
36.409997
36.459946
36.518668
36.545395
36.623874
36.667465
36.714087
36.755770
36.822015
36.867674
36.898392
36.954713
37.020189
37.063545
37.105549
37.168899
37.216066
37.258461
37.308712
37.349165
37.413822
37.449267
37.514033
37.559258
37.612053
37.669396
37.715535
37.761535
37.817097
37.865719
37.897611
37.968327
38.001871
38.050513
38.105398
38.160288
38.216847
38.238936
38.310090
38.353905
38.417868
38.447413
38.517479
38.571235
38.621010
38.656752
38.716264
38.766887
38.814174
38.854712
38.911531
38.948592
39.000307
39.068732
39.122317
39.153674
39.204016
39.249318
39.304074
39.326366
39.400913
39.462319
39.522897
39.555924
39.612831
39.665191
39.716873
39.738118
39.800729
39.861130
39.917876
39.945421
40.001212
40.049936
40.087348
40.150159
40.208915
40.259470
40.298300
40.354885
40.403643
40.462880
40.506384
40.565684
40.608145
40.624103
40.708341
40.761848
40.806214
40.854198
40.917532
40.960809
41.009932
41.050294
41.115022
41.171538
41.192813
41.255425
41.316162
41.362052
41.402695
41.454789
41.494366
41.567519
41.622306
41.663857
41.703179
41.760505
41.816426
41.870141
41.920154
41.950203
42.012845
42.064013
42.114086
42.157244
42.208607
42.264666
42.324231
42.367936
42.421149
42.460907
42.514250
42.549716
42.598893
42.669703
42.719305
42.763397
42.810386
42.867771
42.903230
42.958872
43.010906
43.041241
43.105037
43.154824
43.202180
43.260504
43.310310
43.355299
43.395855
43.454070
43.507984
43.538503
43.601138
43.644105
43.700748
43.749209
43.803295
43.855136
43.910637
43.958783
44.001652
44.054868
44.112660
44.155661
44.216329
44.247393
44.317238
44.366876
44.411267
44.463922
44.518341
44.555317
44.621129
44.655907
44.714011
44.761226
44.809554
44.846005
44.923618
44.947276
45.019859
45.048510
45.106989
45.157815
45.214211
45.267250
45.321198
45.371056
45.411608
45.441316
45.517856
45.565371
45.613748
45.637096
45.704848
45.767299
45.824903
45.851400
45.912540
45.963257
46.014664
46.067252
46.100759
46.174178
46.216184
46.260302
46.309763
46.365304
46.412215
46.473436
46.516899
46.552902
46.613693
46.666481
46.686028
46.740367
46.793886
46.870965
46.897925
46.961125
47.005164
47.061526
47.077985
47.153497
47.209001
47.263057
47.288305
47.370990
47.402318
47.472968
47.504635
47.562018
47.614520
47.673284
47.721310
47.757562
47.810250
47.854178
47.919346
47.963524
48.020402
48.068104
48.109334
48.159617
48.211263
48.251475
48.296432
48.366489
48.421373
48.464768
48.488177
48.557060
48.608071
48.671143
48.702070
48.751099
48.799962
48.866938
48.918460
48.947283
48.996560
49.054791
49.095115
49.123979
49.202101
49.266246
49.321261
49.363433
49.395532
49.438302
49.508891
49.556118
49.610457
49.659213
49.714331
49.769394
49.806376
49.867277
49.897278
49.958218
50.017254
50.064977
50.113024
50.154126
50.212003
50.264505
50.304303
50.367421
50.398819
50.464954
50.502902
50.545129
50.615006
50.661820
50.706343
50.771039
50.794704
50.848269
50.908307
50.954199
51.017211
51.064656
51.119559
51.163857
51.208204
51.258910
51.308718
51.364337
51.408195
51.454821
51.517625
51.563785
51.609532
51.667433
51.719543
51.753297
51.806419
51.862843
51.903417
51.959538
52.005130
52.033942
52.101914
52.167461
52.220391
52.273628
52.308661
52.370619
52.411108
52.461211
52.522353
52.563200
52.601534
52.652877
52.711040
52.762885
52.814232
52.870067
52.919799
52.943857
53.016332
53.051987
53.115149
53.156052
53.215909
53.251354
53.297914
53.355494
53.407469
53.472883
53.501731
53.562929
53.614603
53.656470
53.718734
53.759151
53.816848
53.853994
53.908475
53.955387
54.010350
54.063930
54.087951
54.166521
54.214524
54.259271
54.300432
54.365187
54.411501
54.457331
54.512117
54.561414
54.607655
54.637089
54.708023
54.765369
54.821842
54.846612
54.912860
54.967792
55.019815
55.056329
55.106121
55.162073
55.200179
55.269218
55.316159
55.369045
55.401944
55.464000
55.503789
55.555506
55.609702
55.653537
55.701350
55.769121
55.806072
55.860228
55.913609
55.967902
56.012058
56.042037
56.104832
56.159883
56.211262
56.253027
56.295465
56.323472
56.406860
56.440222
56.484317
56.555285
56.617254
56.663090
56.702228
56.752306
56.809957
56.874153
56.889919
56.956984
57.018153
57.054729
57.099009
57.166785
57.218708
57.267332
57.315829
57.349454
57.413027
57.451127
57.512995
57.572557
57.599347
57.650996
57.717056
57.769008
57.814465
57.865062
57.918452
57.958942
58.021672
58.071007
58.111360
58.169985
58.216706
58.255054
58.295988
58.359933
58.405041
58.469383
58.511439
58.572680
58.597466
58.662159
58.721367
58.772562
58.801455
58.858683
58.903848
58.957807
59.003658
59.054456
59.114078
59.143278
59.220759
59.270921
59.313636
59.354609
59.415390
59.471515
59.495693
59.566234
59.600806
59.631076
59.708676
59.768144
59.810188
59.867661
59.920866
59.960295
60.006870
60.062801
60.119229
60.172768
60.212831
60.263917
60.319145
60.367404
60.407880
60.460509
60.511127
60.553006
60.616556
60.643697
60.710252
60.768547
60.815866
60.848825
60.907287
60.961976
60.991717
61.069050
61.119152
61.159142
61.209173
61.251239
61.319284
61.347235
61.416301
61.463859
61.521456
61.556914
61.597530
61.638762
61.701250
61.768327
61.809115
61.866401
61.901139
61.966324
62.020582
62.043514
62.097534
62.161938
62.217301
62.254990
62.299427
62.371850
62.407113
62.453591
62.509730
62.569111
62.615520
62.643769
62.693790
62.754919
62.813377
62.860330
62.905697
62.956669
63.010604
63.038495
63.099221
63.166761
63.222431
63.250970
63.309866
63.352975
63.417616
63.461102
63.507260
63.567173
63.604331
63.652786
63.706900
63.765925
63.819704
63.870849
63.891331
63.963930
64.010213
64.067554
64.116080
64.156306
64.221763
64.251925
64.306881
64.361006
64.424031
64.463373
64.521619
64.563246
64.605485
64.659173
64.715537
64.744069
64.820704
64.860945
64.886633
64.971398
65.016902
65.069511
65.099308
65.149394
65.209654
65.238394
65.314584
65.344450
65.414335
65.449406
65.506379
65.553401
65.613654
65.661727
65.717091
65.762336
65.820838
65.857258
65.912543
65.933649
66.016713
66.069091
66.109976
66.170009
66.217874
66.265839
66.297483
66.362850
66.410847
66.460513
66.505048
66.554397
66.612611
66.653167
66.720456
66.749717
66.812105
66.857474
66.916404
66.930881
67.006943
67.070246
67.111268
67.141086
67.217334
67.255699
67.311648
67.354510
67.420865
67.466036
67.511478
67.570093
67.613760
67.660993
67.711175
67.751095
67.801119
67.854226
67.921088
67.958774
67.985918
68.070129
68.117002
68.170313
68.219386
68.260058
68.312320
68.355987
68.387362
68.446012
68.496653
68.566270
68.613702
68.667548
68.720855
68.763970
68.808295
68.854241
68.907049
68.959153
69.011992
69.035561
69.119508
69.161455
69.203663
69.265487
69.313900
69.373448
69.396935
69.454058
69.501560
69.552774
69.607483
69.656890
69.713251
69.769890
69.817703
69.847547
69.905195
69.969506
70.006001
70.066781
70.123908
70.174418
70.215232
70.259873
70.305925
70.353428
70.400371
70.426396
70.495880
70.567187
70.611418
70.651463
70.698053
70.752356
70.809109
70.856029
70.898829
70.961848
71.021647
71.062495
71.062495
71.152028
71.220357
71.229259
71.301469
71.372500
71.414547
71.465059
71.518481
71.572320
71.599473
71.636500
71.704531
71.755067
71.808920
71.867319
71.914217
71.966260
72.006587
72.062103
72.110994
72.166979
72.217131
72.258918
72.310220
72.374375
72.411995
72.441292
72.518090
72.548787
72.617119
72.655297
72.708239
72.762722
72.808526
72.855213
72.903316
72.968313
73.008109
73.063435
73.118175
73.160257
73.203888
73.259521
73.287949
73.336298
73.416330
73.455154
73.500360
73.549760
73.607302
73.670087
73.719787
73.746062
73.807470
73.869149
73.894992
73.959013
74.019851
74.064820
74.106791
74.143535
74.211343
74.254422
74.291451
74.324722
74.410424
74.462263
74.509098
74.538136
74.602412
74.673976
74.719213
74.764138
74.815003
74.855054
74.898378
74.946532
74.980276
75.070652
75.117526
75.170745
75.208166
75.264426
75.310286
75.357905
75.411776
75.464760
75.490298
75.551230
75.618770
75.672377
75.702165
75.762918
75.802837
75.870893
75.914526
75.964446
76.020062
76.058416
76.112957
76.124518
76.200229
76.268498
76.321096
76.343291
76.414127
76.452522
76.517912
76.554139
76.607692
76.660368
76.715875
76.750821
76.806859
76.859731
76.901499
76.963265
77.018277
77.055365
77.112915
77.159461
77.215897
77.263313
77.307706
77.322722
77.405951
77.458419
77.520258
77.572429
77.614210
77.654981
77.717881
77.765035
77.797871
77.863949
77.902137
77.959028
78.007269
78.071540
78.115130
78.159446
78.207534
78.266987
78.302372
78.370614
78.415895
78.460348
78.508004
78.564120
78.607797
78.656213
78.705684
78.748080
78.797939
78.862321
78.922106
78.971176
79.007334
79.058353
79.102281
79.157986
79.218987
79.262613
79.312471
79.356719
79.409666
79.460748
79.512257
79.553208
79.608887
79.663766
79.709027
79.759220
79.788782
79.859060
79.918725
79.965035
80.007231
80.062172
80.105173
80.160454
80.220985
80.274270
80.299399
80.360349
80.407556
80.465359
80.511221
80.570508
80.618479
80.654054
80.709179
80.769295
80.818115
80.839136
80.920476
80.964182
81.014903
81.068604
81.119730
81.162177
81.204026
81.266870
81.314536
81.360438
81.423353
81.462941
81.512870
81.571892
81.613128
81.667431
81.720851
81.756135
81.817130
81.864111
81.917343
81.955432
82.016258
82.029597
82.115215
82.165291
82.213020
82.255265
82.311888
82.364783
82.417956
82.452979
82.503215
82.564762
82.617296
82.655007
82.720284
82.755538
82.802588
82.861171
82.915763
82.971351
83.015957
83.058260
83.098183
83.153479
83.207379
83.249197
83.303084
83.362906
83.421425
83.464705
83.496776
83.553795
83.616041
83.649549
83.694632
83.770728
83.816652
83.859404
83.892219
83.971033
83.999701
84.069065
84.118522
84.172486
84.209456
84.269303
84.311936
84.363275
84.423458
84.462313
84.516107
84.539021
84.618809
84.636412
84.696782
84.751550
84.817231
84.871492
84.904208
84.948336
84.999527
85.054976
85.115390
85.157422
85.209737
85.266905
85.294540
85.354813
85.421711
85.463501
85.504088
85.563351
85.611627
85.649442
85.689747
85.754471
85.809395
85.873429
85.903403
85.955276
86.007252
86.068516
86.115628
86.159962
86.216110
86.254479
86.315539
86.349501
86.407315
86.467972
86.522749
86.573080
86.603202
86.669007
86.724324
86.759089
86.806903
86.865288
86.905916
86.961412
87.013093
87.066180
87.121196
87.135810
87.203843
87.270430
87.316256
87.345189
87.394059
87.472947
87.487768
87.559789
87.610290
87.664689
87.697321
87.752305
87.806251
87.857005
87.910106
87.966665
88.009219
88.054410
88.102903
88.145412
88.219779
88.268923
88.315452
88.359049
88.400914
88.453950
88.512425
88.571140
88.590994
88.647243
88.712293
88.758178
88.816170
88.851405
88.894183
88.966207
89.015988
89.070112
89.106374
89.164436
89.209377
89.242601
89.317405
89.358635
89.392401
89.466136
89.514454
89.572313
89.597689
89.665299
89.710433
89.772019
89.798865
89.853359
89.904545
89.954606
90.008419
90.057838
90.123390
90.123390
90.206501
90.265124
90.296256
90.374626
90.417984
90.469206
90.498868
90.562377
90.614802
90.651069
90.708615
90.773375
90.797313
90.847914
90.918775
90.970651
91.014714
91.059651
91.119801
91.156698
91.221173
91.264210
91.298023
91.362309
91.417466
91.433592
91.501022
91.551394
91.617423
91.647252
91.711685
91.768834
91.811983
91.858558
91.906559
91.957510
92.022513
92.050176
92.099177
92.167257
92.206198
92.266900
92.309847
92.355636
92.421160
92.464218
92.521159
92.563063
92.618022
92.671044
92.708364
92.760448
92.814179
92.869815
92.904874
92.957558
93.022694
93.052441
93.107989
93.140727
93.193542
93.264773
93.297772
93.353444
93.408949
93.461360
93.514002
93.565294
93.617559
93.663718
93.720024
93.754079
93.815194
93.870856
93.899052
93.962452
94.012700
94.056501
94.114263
94.157777
94.224116
94.252337
94.312550
94.358553
94.414123
94.453288
94.506395
94.557873
94.608503
94.661159
94.716316
94.738328
94.800136
94.860252
94.902081
94.965017
95.008139
95.047210
95.115940
95.146862
95.212027
95.255442
95.313990
95.327556
95.397536
95.468293
95.506913
95.535904
95.602380
95.666144
95.718240
95.762727
95.814346
95.859971
95.917163
95.949448
96.009093
96.045811
96.100612
96.167105
96.218127
96.254106
96.302599
96.358517
96.400378
96.463019
96.513204
96.569074
96.617035
96.669257
96.706835
96.762416
96.814107
96.865429
96.918696
96.949774
96.995273
97.050544
97.116617
97.159164
97.208278
97.261333
97.300603
97.364815
97.389796
97.448193
97.509386
97.564300
97.612144
97.651392
97.719362
97.761299
97.791207
97.867429
97.919682
97.959216
98.017616
98.068392
98.113081
98.160639
98.205351
98.245263
98.313197
98.358995
98.415542
98.453349
98.507597
98.569311
98.611819
98.661219
98.714125
98.769078
98.809191
98.865734
98.909420
98.963426
99.016920
99.062169
99.107803
99.171541
99.206867
99.248250
99.322811
99.367144
99.411278
99.445417
99.498144
99.553061
99.621192
99.621192
99.709335
99.768548
99.821852
99.838755
99.901715
99.965448
100.014865
100.047025
100.092422
100.173295
100.215385
100.262532
100.310059
100.369245
100.397283
100.454207
100.512413
100.556048
100.609773
100.653473
100.696096
100.769521
100.821993
100.864801
100.914350
100.955266
101.020274
101.049806
101.110778
101.146711
101.196131
101.263265
101.297440
101.371035
101.402930
101.456489
101.504827
101.535390
101.615793
101.670438
101.716555
101.762827
101.811464
101.868228
101.904029
101.962085
102.006970
102.068368
102.098061
102.169385
102.216238
102.273429
102.307518
102.361682
102.413192
102.469557
102.520172
102.549711
102.608319
102.656325
102.716532
102.761638
102.812864
102.852525
102.907517
102.957913
103.018987
103.056063
103.093011
103.158840
103.205328
103.265528
103.317750
103.369857
103.402085
103.445388
103.515090
103.549041
103.604370
103.665411
103.714799
103.769383
103.801437
103.852387
103.922430
103.970352
104.022690
104.069070
104.121060
104.155548
104.208784
104.260284
104.318122
104.345404
104.423464
104.474393
104.514560
104.565791
104.617188
104.670088
104.700014
104.754527
104.805797
104.842011
104.895125
104.953384
105.014367
105.071920
105.119029
105.164540
105.213639
105.238358
105.318472
105.349920
105.400578
105.465528
105.517959
105.551477
105.618198
105.664696
105.702921
105.759298
105.805837
105.843765
105.915858
105.970314
105.995243
106.059731
106.110697
106.167923
106.210050
106.247622
106.306609
106.351242
106.414706
106.454269
106.519090
106.566764
106.615101
106.669636
106.709016
106.762707
106.802701
106.860256
106.912521
106.959875
106.995956
107.050813
107.109165
107.157871
107.220229
107.220229
107.312071
107.363330
107.415736
107.467965
107.508144
107.554500
107.611605
107.666687
107.719078
107.766423
107.823431
107.860663
107.915186
107.969433
108.019004
108.054231
108.112660
108.152402
108.219455
108.252748
108.308060
108.361729
108.417340
108.465195
108.517431
108.557138
108.617166
108.643954
108.717398
108.770433
108.809851
108.856345
108.901468
108.966133
109.021104
109.069057
109.108868
109.167108
109.204681
109.261732
109.310664
109.369772
109.420006
109.457577
109.495849
109.553063
109.600893
109.659178
109.705517
109.739965
109.811557
109.858798
109.891417
109.952099
110.023620
110.055042
110.105313
110.166514
110.206932
110.270616
110.290703
110.354689
110.404241
110.460389
110.510286
110.566352
110.617263
110.673053
110.689249
110.746653
110.816220
110.869981
110.921618
110.947899
111.002807
111.066427
111.120493
111.146338
111.220622
111.251232
111.306886
111.358258
111.414311
111.464530
111.503041
111.561488
111.611328
111.660088
111.716382
111.767161
111.796323
111.861834
111.900417
111.950716
112.005021
112.071379
112.112691
112.145407
112.211860
112.258332
112.315226
112.371211
112.400996
112.468277
112.523380
112.535384
112.583906
112.662516
112.718486
112.747275
112.807352
112.873049
112.913579
112.970101
113.022051
113.070869
113.101119
113.157213
113.219150
113.268150
113.309536
113.351279
113.413287
113.467189
113.510337
113.567302
113.617880
113.669239
113.719171
113.750494
113.811998
113.861555
113.921091
113.931467
114.012151
114.073935
114.101598
114.150704
114.212033
114.258264
114.270757
114.358210
114.411110
114.459693
114.513319
114.557591
114.609319
114.670995
114.724947
114.771304
114.814147
114.865551
114.909239
114.949178
115.009355
115.065084
115.106581
115.165120
115.209704
115.273436
115.304127
115.356481
115.408881
115.460599
115.516638
115.568232
115.618759
115.645278
115.712246
115.758157
115.798182
115.851240
115.909474
115.954023
116.000192
116.057410
116.123561
116.164994
116.201874
116.259411
116.306011
116.361170
116.412537
116.456072
116.516755
116.574297
116.588752
116.661101
116.711900
116.755705
116.797783
116.844316
116.901455
116.965850
116.997052
117.062414
117.110924
117.166251
117.206998
117.254052
117.297443
117.365455
117.422547
117.467852
117.511259
117.565160
117.620031
117.654225
117.706315
117.763648
117.800941
117.862041
117.906220
117.970184
118.013956
118.049216
118.107322
118.152713
118.209022
118.270326
118.305880
118.347779
118.405267
118.438431
118.500251
118.560457
118.615810
118.666428
118.714010
118.757202
118.814754
118.855071
118.909194
118.954694
119.002217
119.058221
119.107228
119.168689
119.195228
119.252333
119.314467
119.363508
119.404300
119.467469
119.503557
119.555483
119.621991
119.663196
119.712305
119.766691
119.816289
119.844753
119.911973
119.965335
119.987050
120.056422
120.116340
120.155963
120.202913
120.260677
120.309503
120.361406
120.413893
120.466112
120.511626
120.565344
120.606763
120.647908
120.702197
120.755970
120.820378
120.871060
120.901306
120.960275
120.988887
121.062584
121.106481
121.171167
121.205811
121.244237
121.287587
121.364027
121.412100
121.470356
121.492094
121.558736
121.609112
121.655160
121.710403
121.770293
121.806538
121.862380
121.915428
121.947469
122.022238
122.046862
122.115639
122.162522
122.216646
122.261041
122.308405
122.364467
122.411798
122.470382
122.516583
122.533666
122.609646
122.654062
122.717042
122.746651
122.821269
122.865530
122.891200
122.957398
123.012691
123.064087
123.102301
123.150282
123.217764
123.273418
123.318120
123.350524
123.379459
123.457008
123.513346
123.559293
123.614053
123.653316
123.707738
123.727064
123.819168
123.851894
123.904228
123.965987
124.013852
124.061606
124.116367
124.152587
124.218271
124.259329
124.301280
124.345836
124.412033
124.468209
124.501434
124.548414
124.604794
124.660107
124.711456
124.758095
124.812171
124.867663
124.910525
124.968550
125.007809
125.062504
125.107106
125.163393
125.208000
125.257138
125.317011
125.371827
125.417363
125.455279
125.511859
125.566392
125.599894
125.668019
125.713506
125.762897
125.816038
125.855434
125.911067
125.962283
126.000286
126.065253
126.118000
126.136447
126.205426
126.266017
126.322724
126.345981
126.397004
126.452227
126.516388
126.547918
126.603273
126.672641
126.699289
126.753435
126.805677
126.859524
126.908829
126.964736
127.012960
127.060886
127.109120
127.172169
127.203487
127.255284
127.303351
127.341292
127.409103
127.452170
127.515263
127.562107
127.595007
127.664323
127.703485
127.758437
127.807890
127.864129
127.913100
127.968510
128.020286
128.059988
128.124409
128.164314
128.195712
128.250180
128.321873
128.367749
128.416708
128.467697
128.507888
128.549779
128.621787
128.664347
128.707830
128.758363
128.800799
128.847121
128.919601
128.969311
129.012301
129.048999
129.121902
129.170306
129.208110
129.255628
129.318353
129.365137
129.412139
129.445467
129.521797
129.552806
129.604901
129.619476
129.706598
129.773522
129.816257
129.852731
129.922039
129.960214
130.017217
130.029536
130.093740
130.172175
130.208558
130.272117
130.319194
130.365541
130.407017
130.454272
130.510796
130.548645
130.610085
130.640758
130.717172
130.764395
130.820001
130.866875
130.895744
130.961799
131.005089
131.058582
131.105225
131.169931
131.216502
131.249992
131.306436
131.352469
131.411403
131.454839
131.522860
131.544242
131.623416
131.667951
131.697192
131.754278
131.805337
131.863990
131.875553
131.960340
132.017846
132.059034
132.077930
132.167596
132.215373
132.271721
132.309777
132.362376
132.416270
132.467125
132.514119
132.564847
132.609476
132.653893
132.695383
132.741875
132.819095
132.863407
132.888453
132.943989
133.009385
133.061798
133.122681
133.165364
133.216251
133.273792
133.302918
133.371122
133.406861
133.467601
133.496618
133.559096
133.617028
133.653448
133.713019
133.724252
133.802279
133.868404
133.908167
133.946480
134.002299
134.063053
134.118004
134.154406
134.211262
134.262120
134.315328
134.368489
134.421686
134.459111
134.503604
134.571265
134.619014
134.671117
134.714357
134.760860
134.791415
134.866799
134.909286
134.953185
135.003764
135.061394
135.098098
135.163874
135.210785
135.265499
135.318440
135.347939
135.416711
135.472155
135.515713
135.563345
135.622528
135.671012
135.701963
135.753397
135.820401
135.851000
135.914846
135.966693
136.012318
136.046504
136.094359
136.167258
136.204237
136.255501
136.311741
136.363088
136.395877
136.456694
136.518382
136.566350
136.618853
136.653070
136.716432
136.762929
136.775480
136.843585
136.912178
136.973677
137.021995
137.053166
137.114099
137.154253
137.213222
137.251366
137.298095
137.360097
137.390959
137.456767
137.517350
137.553411
137.607001
137.653035
137.712393
137.763748
137.820820
137.849561
137.913553
137.971075
138.013375
138.047326
138.098342
138.167518
138.209725
138.263139
138.319951
138.367096
138.422841
138.465155
138.499552
138.560017
138.603955
138.652209
138.704798
138.746106
138.819492
138.870631
138.899107
138.964955
139.017446
139.063515
139.100093
139.170156
139.213256
139.240233
139.304518
139.356500
139.419539
139.451282
139.500151
139.555505
139.593177
139.665125
139.698975
139.765729
139.804086
139.860752
139.910267
139.964557
140.018919
140.051430
140.096286
140.173695
140.213554
140.267975
140.316457
140.371737
140.410215
140.463767
140.511020
140.566948
140.619632
140.665403
140.705477
140.759550
140.812944
140.863928
140.912514
140.953074
141.020103
141.062222
141.090050
141.146494
141.218143
141.270526
141.306213
141.367908
141.417668
141.472815
141.517486
141.561028
141.614784
141.654271
141.712942
141.755423
141.819832
141.865442
141.906411
141.957362
142.010348
142.061115
142.116132
142.152827
142.207278
142.271847
142.312225
142.362823
142.417512
142.469216
142.503323
142.546656
142.623926
142.658325
142.715396
142.762185
142.810849
142.870206
142.919484
142.959622
143.022739
143.066692
143.105534
143.155917
143.219110
143.260679
143.296175
143.352443
143.417555
143.457444
143.504874
143.562833
143.619326
143.645049
143.717405
143.765071
143.791536
143.857444
143.915227
143.962899
143.999154
144.068465
144.108669
144.145293
144.213426
144.262310
144.318677
144.352221
144.412193
144.459313
144.518239
144.555584
144.611974
144.657831
144.699812
144.761473
144.805236
144.858032
144.915102
144.962870
144.992112
145.071093
145.112843
145.145351
145.214628
145.266819
145.322049
145.353447
145.422005
145.466092
145.520266
145.566631
145.602004
145.667893
145.703332
145.763778
145.822392
145.863639
145.916757
145.958341
146.001078
146.061945
146.112928
146.167370
146.211494
146.263374
146.314073
146.368922
146.415474
146.469287
146.520477
146.551192
146.610060
146.654451
146.717789
146.759989
146.806503
146.864490
146.916246
146.971479
147.006289
147.043336
147.118014
147.156031
147.218087
147.272511
147.306910
147.351728
147.415230
147.446318
147.505799
147.553508
147.610244
147.653217
147.700946
147.764602
147.794255
147.869213
147.920327
147.963050
148.015915
148.051227
148.114203
148.172324
148.213326
148.250526
148.301464
148.372494
148.400133
148.443410
148.515276
148.565734
148.610055
148.657218
148.701887
148.769394
148.810809
148.845391
148.902361
148.968081
149.024874
149.066971
149.114535
149.156341
149.220619
149.271096
149.311434
149.354145
149.405252
149.470328
149.498084
149.563255
149.623080
149.669996
149.697853
149.752411
149.816486
149.843977
149.920877
149.971024
150.018783
150.057532
150.116543
150.158535
150.208319
150.268758
150.315498
150.342892
150.406291
150.462380
150.476053
150.558424
150.619097
150.660583
150.698918
150.769863
150.814576
150.860305
150.909919
150.969823
151.012518
151.072838
151.116956
151.158925
151.199559
151.268931
151.295105
151.355429
151.407158
151.472841
151.499033
151.562414
151.614888
151.666104
151.719616
151.771158
151.820870
151.851878
151.910995
151.955777
152.002166
152.063879
152.104174
152.166378
152.223800
152.263542
152.314873
152.365677
152.394105
152.459638
152.513499
152.560056
152.609980
152.644996
152.715644
152.749668
152.781944
152.863077
152.901374
152.927738
152.984294
153.064541
153.112288
153.138380
153.208387
153.268180
153.318098
153.351445
153.411066
153.462948
153.492410
153.565903
153.592432
153.651175
153.710546
153.763121
153.796247
153.846822
153.912358
153.970584
154.013687
154.055419
154.110224
154.125891
154.211651
154.271810
154.319436
154.364089
154.416550
154.443079
154.517017
154.561453
154.598790
154.657397
154.704015
154.760197
154.793962
154.864775
154.899871
154.954411
155.005830
155.063011
155.109620
155.172316
155.184050
155.245617
155.308800
155.368392
155.403210
155.445409
155.499117
155.553124
155.614233
155.668295
155.717141
155.765490
155.805845
155.850237
155.911328
155.964017
156.004273
156.056928
156.119094
156.172980
156.214808
156.250560
156.315358
156.366303
156.397118
156.441935
156.502703
156.561239
156.605492
156.672456
156.698867
156.750186
156.811685
156.860790
156.912751
156.963435
157.004151
157.038707
157.101115
157.161477
157.214538
157.246441
157.292390
157.358595
157.403389
157.449661
157.506745
157.568974
157.617302
157.670401
157.683855
157.756898
157.806407
157.849038
157.906804
157.965918
158.008136
158.059599
158.113557
158.163548
158.215833
158.248133
158.310335
158.365649
158.417923
158.458312
158.501214
158.547050
158.598151
158.667127
158.714511
158.744869
158.809072
158.865993
158.914002
158.938882
159.012693
159.064749
159.117995
159.164026
159.219903
159.266089
159.320373
159.357557
159.413918
159.469233
159.498992
159.570370
159.611267
159.660969
159.715381
159.765401
159.812497
159.852163
159.907303
159.937542
160.010994
160.062369
160.112000
160.169867
160.220220
160.260403
160.308392
160.364737
160.414729
160.455038
160.505239
160.559765
160.612681
160.670155
160.704309
160.769147
160.813509
160.853991
160.903511
160.959179
161.010016
161.058464
161.100492
161.167143
161.212523
161.262787
161.311622
161.358845
161.424064
161.463720
161.515524
161.571728
161.621210
161.671049
161.704284
161.758320
161.813849
161.867527
161.919904
161.960976
162.017494
162.061496
162.099267
162.136060
162.223731
162.270262
162.309800
162.357214
162.416914
162.463343
162.518337
162.545243
162.595591
162.664620
162.702970
162.752233
162.806111
162.869236
162.916373
162.944050
163.021173
163.064524
163.109411
163.160341
163.211096
163.267225
163.320124
163.334967
163.415189
163.464506
163.518880
163.556915
163.622969
163.658523
163.718686
163.764695
163.819552
163.870440
163.902333
163.957226
164.008784
164.061775
164.119298
164.156857
164.208261
164.271102
164.315529
164.367454
164.420614
164.474046
164.507205
164.551545
164.614986
164.669841
164.691296
164.762168
164.808534
164.849861
164.902475
164.972689
164.972689
165.049167
165.118909
165.162163
165.219128
165.263735
165.310233
165.367671
165.384079
165.459859
165.510520
165.565444
165.621198
165.667252
165.719607
165.761106
165.806837
165.865979
165.915089
165.965673
166.021496
166.038254
166.110765
166.160309
166.209459
166.259213
166.319122
166.369054
166.415848
166.458923
166.492093
166.567230
166.595970
166.645270
166.704553
166.764707
166.808259
166.863786
166.922295
166.947120
167.022371
167.053390
167.112199
167.159153
167.218832
167.264601
167.318501
167.357905
167.412322
167.458116
167.504648
167.567714
167.608826
167.659847
167.714420
167.763453
167.795602
167.857377
167.909517
167.955953
168.009878
168.059945
168.115750
168.164690
168.220640
168.220640
168.297183
168.356791
168.416192
168.457709
168.504457
168.563458
168.611098
168.667455
168.719703
168.758784
168.820037
168.850773
168.910997
168.954975
169.019933
169.066868
169.096546
169.156552
169.203141
169.259614
169.307239
169.350240
169.418890
169.456900
169.513265
169.564534
169.585342
169.656531
169.682170
169.729445
169.820420
169.863349
169.917238
169.949853
170.019393
170.047720
170.107150
170.159190
170.216148
170.260925
170.304894
170.343010
170.403214
170.457370
170.512329
170.562968
170.617599
170.653122
170.711482
170.765133
170.814228
170.865111
170.894700
170.941818
170.998726
171.066680
171.105387
171.170500
171.205537
171.251383
171.316381
171.349926
171.392587
171.459314
171.515733
171.529234
171.618958
171.670514
171.708588
171.739722
171.787306
171.867123
171.909947
171.962749
171.992860
172.066701
172.096523
172.169948
172.210731
172.261119
172.319018
172.371337
172.399623
172.470652
172.520154
172.532320
172.617649
172.659181
172.712877
172.773748
172.806403
172.866836
172.908060
172.963901
173.003267
173.054011
173.108980
173.150409
173.198430
173.255064
173.321983
173.362069
173.399592
173.448843
173.505185
173.557781
173.613345
173.646483
173.717102
173.760214
173.783185
173.863614
173.910052
173.965887
173.992433
174.071469
174.120835
174.164176
174.190030
174.266389
174.307122
174.345201
174.423283
174.450116
174.513328
174.557287
174.597542
174.652881
174.714872
174.756539
174.807948
174.829161
174.915523
174.963644
175.019080
175.046177
175.103624
175.160334
175.215630
175.245955
175.321841
175.359224
175.415299
175.461967
175.518424
175.569503
175.598572
175.664717
175.705372
175.766158
175.812780
175.844243
175.911485
175.951509
176.006914
176.057462
176.114527
176.165741
176.222143
176.239354
176.317193
176.363033
176.416203
176.453456
176.481359
176.570287
176.600442
176.657088
176.705350
176.761240
176.814201
176.854800
176.901840
176.967819
177.013408
177.064969
177.110997
177.157346
177.219751
177.261461
177.312624
177.355071
177.422287
177.447202
177.494528
177.552317
177.615184
177.665511
177.679304
177.752419
177.816858
177.865116
177.893826
177.965941
178.015504
178.071049
178.102313
178.160780
178.212823
178.268119
178.301420
178.349548
178.421397
178.451163
178.492927
178.557477
178.623753
178.666040
178.703222
178.747354
178.815995
178.857403
178.900251
178.956491
179.008517
179.056881
179.113130
179.151083
179.219948
179.268954
179.298337
179.358326
179.412981
179.465719
179.511094
179.569066
179.621046
179.649702
179.704876
179.754014
179.815084
179.863030
179.915689
179.929914
179.992367
180.070822
180.116059
180.159473
180.215949
180.270952
180.310195
180.360881
180.415911
180.465997
180.512148
180.566795
180.618100
180.653836
180.708550
180.749539
180.795388
180.863763
180.917628
180.968418
181.006865
181.055244
181.118196
181.149264
181.209435
181.265536
181.316317
181.359990
181.407083
181.462447
181.499419
181.564857
181.599262
181.647976
181.712309
181.768859
181.812418
181.871267
181.920073
181.963247
181.999685
182.067740
182.119229
182.161647
182.197929
182.252815
182.315482
182.351015
182.413012
182.463536
182.514155
182.554452
182.615301
182.660256
182.700896
182.767734
182.811345
182.870092
182.909012
182.963172
183.009516
183.054952
183.119279
183.173964
183.189151
183.253316
183.307559
183.357530
183.400138
183.464297
183.520451
183.567514
183.613402
183.646288
183.717911
183.757936
183.806554
183.859380
183.919491
183.963299
184.012195
184.070044
184.120389
184.165901
184.210402
184.251541
184.317227
184.359074
184.411326
184.452012
184.514542
184.571847
184.600712
184.656453
184.711789
184.756852
184.797610
184.852048
184.901185
184.968518
185.007358
185.052876
185.121207
185.169382
185.205533
185.269155
185.269155
185.364143
185.406716
185.443191
185.496785
185.558355
185.604205
185.669260
185.691044
185.742629
185.803228
185.831453
185.909025
185.954294
186.010335
186.061476
186.113015
186.169818
186.207223
186.244035
186.305275
186.365769
186.421410
186.453652
186.514958
186.561212
186.615526
186.645491
186.695438
186.758000
186.818129
186.862931
186.915936
186.960514
187.013264
187.064341
187.115306
187.167502
187.211602
187.273598
187.305318
187.360248
187.410473
187.450436
187.501431
187.560177
187.622041
187.667086
187.701512
187.753232
187.805168
187.860034
187.910010
187.972933
188.017029
188.065420
188.093657
188.152801
188.212549
188.257926
188.306631
188.363472
188.410412
188.441022
188.485612
188.567869
188.594624
188.652449
188.717508
188.766989
188.793411
188.864416
188.864416
188.957394
189.009438
189.058187
189.108281
189.169303
189.214973
189.272755
189.306805
189.369281
189.412395
189.443063
189.510260
189.541397
189.610237
189.659343
189.719066
189.744938
189.805117
189.864124
189.892092
189.944322
189.997603
190.068994
190.114040
190.147174
190.216332
190.259617
190.301594
190.337798
190.418142
190.469755
190.501000
190.562109
190.611248
190.666072
190.718861
190.761608
190.816015
190.868214
190.908179
190.968126
191.002108
191.066239
191.119892
191.165230
191.210102
191.262712
191.294916
191.345151
191.402476
191.466552
191.498876
191.552802
191.609794
191.647862
191.718409
191.733946
191.808386
191.873582
191.914305
191.942818
192.016198
192.058131
192.111053
192.165347
192.191181
192.268610
192.310851
192.362521
192.390971
192.467061
192.513244
192.544468
192.608167
192.665374
192.721974
192.768368
192.810534
192.852159
192.921070
192.948995
193.014991
193.064858
193.114242
193.162965
193.208719
193.248920
193.301823
193.359898
193.408429
193.449552
193.513989
193.554377
193.617541
193.648011
193.716604
193.739983
193.809668
193.861477
193.908426
193.954924
193.998450
194.070548
194.121598
194.165996
194.213195
194.250451
194.307094
194.360239
194.411158
194.464432
194.513168
194.568918
194.617990
194.666285
194.716243
194.757526
194.799805
194.847747
194.911199
194.964328
195.007836
195.059162
195.114694
195.151836
195.206138
195.267243
195.301069
195.350992
195.418409
195.464883
195.513031
195.561316
195.617929
195.655250
195.709493
195.757521
195.800761
195.868197
195.889681
195.968345
196.015419
196.065515
196.115294
196.153947
196.213894
196.259473
196.293428
196.364520
196.423210
196.472646
196.499262
196.562769
196.613928
196.663677
196.709126
196.762835
196.806860
196.852686
196.913890
196.963249
197.011306
197.065324
197.109038
197.154192
197.214994
197.266329
197.306671
197.351900
197.413853
197.466079
197.523158
197.549409
197.606448
197.652292
197.712647
197.770708
197.817888
197.862928
197.898955
197.950825
198.005805
198.060323
198.105829
198.151628
198.219407
198.264764
198.285198
198.371371
198.413918
198.454465
198.500864
198.529035
198.606677
198.638469
198.716405
198.766799
198.818963
198.848000
198.904864
198.961224
199.018048
199.062167
199.100847
199.161636
199.206183
199.258020
199.317491
199.363076
199.417133
199.461002
199.505063
199.568055
199.618991
199.665063
199.709397
199.745930
199.806252
199.862525
199.906467
199.966038
200.013312
200.066104
200.120144
200.168056
200.208958
200.262039
200.317533
200.350513
200.410525
200.471833
200.513604
200.557231
200.620129
200.670905
200.701387
200.763914
200.793162
200.866925
200.913023
200.963634
201.014902
201.071416
201.110102
201.139997
201.139997
201.269642
201.322427
201.351023
201.411804
201.459432
201.519198
201.562944
201.616050
201.663200
201.705893
201.758059
201.801805
201.865599
201.916204
201.968175
202.019285
202.044592
202.114709
202.167151
202.204273
202.263212
202.308048
202.362480
202.402033
202.453548
202.521099
202.553145
202.615022
202.665034
202.713733
202.759798
202.805068
202.862335
202.900289
202.973230
203.019431
203.045012
203.103706
203.168745
203.221690
203.251521
203.301990
203.364994
203.394176
203.461028
203.520226
203.562872
203.606720
203.657321
203.719961
203.762124
203.807133
203.855660
203.919005
203.960020
204.003150
204.068799
204.094315
204.156910
204.207158
204.236281
204.272535
204.368157
204.402190
204.459862
204.501563
204.563632
204.610973
204.660499
204.710479
204.749610
204.821405
204.855864
204.911733
204.966735
205.020289
205.067689
205.097099
205.152676
205.203459
205.243966
205.320283
205.369242
205.384132
205.455559
205.505444
205.561231
205.624070
205.672020
205.699502
205.761749
205.809776
205.865965
205.911917
205.953089
205.999465
206.065439
206.093208
206.118972
206.215496
206.257004
206.292704
206.349233
206.412853
206.447519
206.504907
206.567464
206.598473
206.641841
206.704101
206.763778
206.810436
206.850227
206.910270
206.954036
207.021490
207.021490
207.099078
207.173404
207.217928
207.262136
207.306902
207.363865
207.406595
207.457542
207.505614
207.572208
207.612746
207.656848
207.716394
207.771275
207.799993
207.866116
207.918774
207.944975
208.009969
208.065882
208.081338
208.161278
208.220792
208.261823
208.322299
208.365131
208.418201
208.458946
208.510452
208.567472
208.592510
208.642934
208.719156
208.750810
208.801425
208.855867
208.902328
208.947906
209.013359
209.066891
209.111364
209.168420
209.199420
209.249617
209.313221
209.366239
209.412969
209.461334
209.490538
209.554823
209.609820
209.661909
209.718095
209.766084
209.793119
209.873084
209.913346
209.913346
210.001161
210.057659
210.113874
210.152387
210.209148
210.265002
210.313045
210.355256
210.413161
210.465865
210.524402
210.560697
210.621139
210.659235
210.705866
210.761176
210.810424
210.859341
210.900345
210.945896
210.998343
211.058951
211.102893
211.148243
211.204286
211.271066
211.311243
211.356162
211.401706
211.469071
211.499226
211.557089
211.599080
211.668628
211.706082
211.753782
211.805286
211.850697
211.906360
211.953009
211.994476
212.052294
212.114847
212.157365
212.195890
212.251635
212.311615
212.370307
212.418291
212.448691
212.511804
212.561031
212.604403
212.666065
212.707649
212.768448
212.797971
212.861670
212.908304
212.962831
212.977512
213.069280
213.098162
213.163070
213.214148
213.268401
213.317284
213.345128
213.401530
213.450768
213.505409
213.562702
213.616256
213.657682
213.717950
213.768514
213.808531
213.858149
213.917926
213.966246
214.007025
214.023281
214.123001
214.161359
214.191034
214.260524
214.306975
214.372021
214.401829
214.446695
214.507590
214.570324
214.616307
214.616307
214.700941
214.754349
214.812460
214.859343
214.916811
214.950062
215.014502
215.037960
215.119961
215.171016
215.219548
215.250270
215.314422
215.360470
215.406869
215.448800
215.503626
215.552137
215.604760
215.658499
215.707588
215.759531
215.812243
215.851243
215.914315
215.965432
216.008257
216.064687
216.113931
216.168721
216.219126
216.257963
216.312547
216.364180
216.414152
216.470094
216.518195
216.559763
216.616410
216.660018
216.705362
216.773106
216.816932
216.865042
216.886466
216.965412
217.009386
217.051163
217.115162
217.171005
217.209992
217.243673
217.316200
217.363463
217.409036
217.455100
217.507852
217.564399
217.618754
217.664958
217.698582
217.760933
217.803214
217.861124
217.912135
217.938410
218.000235
218.071351
218.115389
218.166665
218.209868
218.268452
218.285657
218.356161
218.410765
218.464768
218.500954
218.542134
218.619927
218.649916
218.710868
218.768003
218.817259
218.860982
218.891439
218.962422
219.002273
219.057082
219.100318
219.143783
219.212786
219.267761
219.314065
219.369109
219.403414
219.465076
219.495326
219.567067
219.614835
219.664313
219.709048
219.759738
219.812479
219.873896
219.919578
219.919578
219.997696
220.059774
220.114591
220.156186
220.179710
220.272243
220.311531
220.351271
220.402185
220.467311
220.509923
220.572835
220.604633
220.664749
220.709011
220.761543
220.812221
220.868150
220.909993
220.939224
220.990882
221.067895
221.110787
221.151257
221.219437
221.267700
221.306437
221.369261
221.420226
221.453165
221.504489
221.568883
221.597232
221.662812
221.714222
221.758655
221.809132
221.863208
221.912034
221.948045
222.020459
222.073677
222.112029
222.153440
222.204514
222.257226
222.296424
222.356228
222.413447
222.465539
222.508940
222.566822
222.598881
222.660870
222.711033
222.764283
222.811307
222.870744
222.917553
222.973984
223.008427
223.048463
223.115449
223.158190
223.206667
223.263368
223.314110
223.359839
223.403743
223.458885
223.511442
223.568047
223.582994
223.653271
223.702485
223.768360
223.796457
223.862449
223.922464
223.950728
224.004328
224.054229
224.087531
224.148803
224.222045
224.222045
224.308501
224.362200
224.416127
224.459392
224.506243
224.569798
224.617147
224.656415
224.708143
224.768346
224.808684
224.852335
224.901169
224.958227
225.021992
225.045693
225.122209
225.155482
225.213789
225.249488
225.312196
225.360776
225.403651
225.454685
225.518216
225.559242
225.588049
225.659253
225.708755
225.772790
225.799915
225.864450
225.920508
225.969459
226.015457
226.063196
226.119863
226.156330
226.222820
226.272227
226.298989
226.367789
226.420125
226.441221
226.512550
226.565957
226.622094
226.636852
226.706597
226.760050
226.814405
226.849844
226.906010
226.967936
227.000700
227.047341
227.106882
227.170257
227.196709
227.253316
227.309162
227.363656
227.419551
227.448194
227.502320
227.573952
227.620789
227.660121
227.713700
227.766027
227.813621
227.843199
227.906125
227.965913
228.013195
228.058161
228.120284
228.148530
228.195173
228.259553
228.317886
228.348388
228.410052
228.467811
228.480668
228.553037
228.621443
228.661610
228.704267
228.767122
228.815453
228.855205
228.910838
228.959773
229.005984
229.070192
229.097271
229.168902
229.184422
229.253380
229.314307
229.358110
229.394554
229.467083
229.514193
229.564953
229.605999
229.663650
229.712924
229.752214
229.820663
229.844448
229.921657
229.965346
230.017477
230.072227
230.109676
230.152543
230.212913
230.255839
230.308849
230.355807
230.396581
230.470254
230.513517
230.546139
230.608304
230.665157
230.711475
230.766387
230.805774
230.865504
230.895305
230.954195
231.009653
231.058493
231.105394
231.160885
231.206580
231.272753
231.316989
231.316989
231.424313
231.454494
231.511484
231.557719
231.621679
231.671305
231.671305
231.762386
231.816377
231.867396
231.882849
231.944772
232.000476
232.062681
232.104419
232.139251
232.216007
232.272421
232.316080
232.362972
232.362972
232.460760
232.519498
232.528387
232.612289
232.671424
232.709794
232.756274
232.820543
232.857914
232.922839
232.960688
233.014805
233.064816
233.118197
233.171752
233.199241
233.251899
233.304877
233.343232
233.409591
233.469996
233.500011
233.566778
233.593800
233.667388
233.716727
233.755362
233.806988
233.867517
233.913077
233.944078
234.005751
234.067942
234.113098
234.136486
234.209860
234.261378
234.294516
234.354968
234.416279
234.460392
234.521528
234.567228
234.603292
234.673008
234.718918
234.730297
234.805686
234.863779
234.916600
234.942952
235.009215
235.063898
235.099921
235.159979
235.220958
235.256733
235.320449
235.355211
235.402895
235.462266
235.508481
235.553269
235.619337
235.666243
235.707274
235.762244
235.800561
235.850827
235.901990
235.960681
236.010126
236.056353
236.116874
236.159287
236.217385
236.259985
236.298309
236.369519
236.401977
236.460493
236.511369
236.569590
236.616788
236.667470
236.709589
236.765548
236.792011
236.860919
236.921352
236.950229
237.008275
237.051515
237.117541
237.162557
237.203391
237.251471
237.306896
237.356813
237.414501
237.456801
237.519508
237.572085
237.611451
237.662480
237.718597
237.772285
237.798349
237.849263
237.908320
237.959501
238.010401
238.025517
238.099748
238.165785
238.207931
238.234987
238.307628
238.363031
238.420213
238.462635
238.510501
238.562149
238.618211
238.666220
238.694201
238.751541
238.813609
238.847514
238.904338
238.961498
239.001598
239.053093
239.107453
239.160273
239.185188
239.251538
239.306498
239.340380
239.407501
239.462195
239.500959
239.567359
239.620317
239.643470
239.698184
239.740466
239.805380
239.861981
239.918269
239.948918
239.999294
240.060219
240.109660
240.157152
240.200236
240.265558
240.283064
240.369057
240.405897
240.466083
240.494390
240.565921
240.618768
240.660993
240.687581
240.765012
240.818317
240.868478
240.915411
240.959545
241.012434
241.071830
241.101474
241.144749
241.221524
241.266496
241.307038
241.307038
241.366673
241.467668
241.480109
241.556549
241.604099
241.672294
241.714154
241.748714
241.808391
241.871807
241.901398
241.958184
242.014635
242.066309
242.112510
242.172859
242.198379
242.252771
242.320785
242.368123
242.383453
242.463423
242.510328
242.567461
242.599535
242.674846
242.717197
242.749912
242.809620
242.851109
242.914139
242.972185
243.000949
243.053804
243.110277
243.159993
243.216673
243.267742
243.309878
243.309878
243.412039
243.464810
243.509166
243.568057
243.611774
243.665264
243.718295
243.760089
243.810449
243.865550
243.913555
243.947519
243.976748
244.047972
244.110431
244.161016
244.217060
244.244334
244.295850
244.351406
244.404375
244.457909
244.506526
244.563472
244.580360
244.642061
244.707616
244.759313
244.797164
244.855684
244.915988
244.967060
244.996879
245.045070
245.115106
245.166558
245.196386
245.272025
245.308927
245.351953
245.412546
245.458287
245.510937
245.562972
245.596400
245.659496
245.710474
245.761156
245.802645
245.853083
245.917290
245.956541
246.015870
246.068317
246.123520
246.157211
246.198594
246.245423
246.316998
246.368036
246.413305
246.447911
246.496329
246.561055
246.620557
246.666355
246.696619
246.763076
246.815930
246.853127
246.881009
246.960175
247.013057
247.047651
247.115123
247.169294
247.200907
247.262918
247.319833
247.366279
247.395024
247.453367
247.514013
247.567850
247.615034
247.654726
247.689199
247.761879
247.803077
247.859081
247.907721
247.964481
248.019593
248.062132
248.107661
248.151473
248.212309
248.268067
248.296350
248.368881
248.413172
248.458498
248.519562
248.543123
248.610405
248.666546
248.701499
248.768751
248.807420
248.863445
248.880658
248.963510
249.017226
249.064298
249.089276
249.170782
249.214248
249.270591
249.306298
249.334068
249.403868
249.468303
249.515452
249.556175
249.608284
249.664874
249.716903
249.738413
249.820073
249.863153
249.903897
249.959200
250.012793
250.063464
250.115126
250.167053
250.223191
250.256536
250.313040
250.348334
250.414395
250.456691
250.499265
250.551786
250.605461
250.668079
250.712665
250.740529
250.817127
250.862209
250.910063
250.930869
251.008745
251.060190
251.117195
251.166078
251.210137
251.258765
251.314105
251.352013
251.409281
251.468986
251.512986
251.562129
251.605000
251.665355
251.695487
251.755875
251.800872
251.857780
251.908966
251.971359
251.995231
252.060263
252.120760
252.159603
252.206015
252.271076
252.320663
252.346260
252.411670
252.468434
252.517531
252.557943
252.619809
252.648845
252.722355
252.754164
252.804674
252.864933
252.922224
252.966153
252.998790
253.069465
253.103125
253.163268
253.208264
253.252124
253.321511
253.373657
253.410437
253.469151
253.513339
253.545114
253.604874
253.668394
253.710846
253.765667
253.816630
253.857350
253.908609
253.967555
253.999848
254.069201
254.100371
254.165528
254.205881
254.252814
254.319956
254.362581
254.419235
254.468840
254.506091
254.556129
254.598797
254.665527
254.690399
254.770096
254.813230
254.853029
254.906222
254.965367
255.010811
255.062224
255.097678
255.163543
255.209121
255.265543
255.313626
255.362149
255.418886
255.457273
255.478846
255.557142
255.618704
255.662048
255.718808
255.770835
255.802924
255.866524
255.920609
255.969629
256.009521
256.052682
256.111793
256.162513
256.210434
256.237502
256.310463
256.355844
256.408035
256.455446
256.515456
256.566221
256.618177
256.661916
256.712250
256.764299
256.802034
256.863989
256.906176
256.972510
257.013679
257.071546
257.092804
257.171366
257.213158
257.270465
257.285667
257.364007
257.423281
257.462283
257.503985
257.559323
257.604144
257.663509
257.713626
257.771964
257.817195
257.852201
257.910488
257.964947
258.013287
258.073342
258.121788
258.172639
258.215839
258.266425
258.284781
258.359849
258.421205
258.461789
258.521863
258.553837
258.617673
258.665085
258.692862
258.758561
258.819739
258.848209
258.918079
258.961988
258.989408
259.058834
259.104297
259.164403
259.220843
259.272895
259.309139
259.347615
259.405317
259.450977
259.512323
259.541114
259.600899
259.661508
259.720104
259.766888
259.792378
259.872722
259.909248
259.962969
259.990456
260.058166
260.119951
260.157315
260.207494
260.254069
260.311602
260.372637
260.400009
260.458150
260.507180
260.569638
260.595508
260.658237
260.719982
260.747151
260.812135
260.867122
260.917867
260.961687
261.008610
261.063071
261.101790
261.157219
261.222220
261.252139
261.300036
261.370782
261.415134
261.450336
261.516955
261.567330
261.604648
261.632639
261.703867
261.753119
261.802457
261.856549
261.911855
261.965104
262.007203
262.066500
262.102906
262.159319
262.200228
262.262475
262.314505
262.370403
262.418123
262.468493
262.512418
262.566928
262.595514
262.641981
262.721334
262.763135
262.794555
262.856270
262.911413
262.960855
263.003606
263.057875
263.105310
263.160955
263.218034
263.264213
263.306847
263.361414
263.415996
263.463875
263.507106
263.570291
263.612078
263.670899
263.701089
263.768816
263.822992
263.872104
263.896408
263.945612
264.014288
264.062903
264.111199
264.161235
264.221141
264.235795
264.317430
264.361017
264.418276
264.445754
264.491967
264.557846
264.617070
264.633977
264.691065
264.769136
264.797462
264.857289
264.903364
264.968301
264.996102
265.050771
265.112657
265.165401
265.208775
265.262978
265.318871
265.364030
265.417117
265.459784
265.491771
265.535531
265.593046
265.660089
265.693650
265.762045
265.812051
265.866365
265.908080
265.960485
266.010439
266.051553
266.112967
266.144331
266.209221
266.271445
266.318542
266.342355
266.422505
266.465199
266.493512
266.564076
266.617436
266.656030
266.715123
266.765964
266.817461
266.847216
266.900869
266.958249
267.012273
267.067321
267.110872
267.164385
267.221860
267.264230
267.306631
267.358309
267.416534
267.462061
267.518441
267.554458
267.616591
267.660075
267.715891
267.762557
267.816917
267.860905
267.906171
267.948188
268.007688
268.069354
268.113035
268.149184
268.219317
268.253134
268.309209
268.355651
268.385301
268.464559
268.521851
268.569658
268.598388
268.663922
268.716810
268.748037
268.792873
268.870727
268.912258
268.958348
269.019749
269.068816
269.097213
269.154588
269.204112
269.263952
269.302508
269.381722
269.381722
269.456203
269.520722
269.564434
269.607268
269.664260
269.702783
269.763978
269.793379
269.867296
269.914051
269.970399
270.007332
270.059463
270.114926
270.157343
270.209450
270.260047
270.311965
270.369142
270.415303
270.451083
270.508953
270.565409
270.580217
270.667728
270.706480
270.763094
270.815882
270.865424
270.917973
270.950958
271.003259
271.062586
271.112877
271.161428
271.202426
271.258280
271.316182
271.367892
271.410558
271.457610
271.516213
271.566093
271.618281
271.648865
271.724003
271.768132
271.794623
271.861064
271.911224
271.960817
272.003985
272.067062
272.107157
272.145366
272.216258
272.264096
272.297247
272.363177
272.415331
272.458191
272.514252
272.562500
272.615183
272.666040
272.717579
272.771165
272.798313
272.859438
272.916248
272.967295
273.011839
273.068875
273.112954
273.160196
273.209183
273.235926
273.301393
273.360242
273.418451
273.453062
273.493404
273.559690
273.615968
273.663159
273.697087
273.772561
273.800839
273.858422
273.916995
273.950720
274.012947
274.056515
274.116482
274.169482
274.211579
274.264962
274.296641
274.356513
274.410886
274.460555
274.495227
274.561335
274.616522
274.646148
274.693558
274.744911
274.818830
274.857147
274.910515
274.960025
275.012083
275.069145
275.119824
275.149856
275.211129
275.265433
275.315196
275.351196
275.415004
275.455408
275.494412
275.554513
275.617707
275.641011
275.701398
275.755439
275.787126
275.861965
275.907328
275.969064
276.020952
276.064109
276.115423
276.162829
276.190156
276.268101
276.313411
276.370460
276.400997
276.450797
276.511140
276.546012
276.602875
276.665906
276.710111
276.757693
276.808887
276.850141
276.919282
276.953139
277.017929
277.070880
277.115080
277.166032
277.207428
277.258499
277.314414
277.349802
277.421840
277.469531
277.510297
277.554418
277.606898
277.662768
277.711101
277.770447
277.799029
277.857059
277.905817
277.965227
278.010875
278.051515
278.120821
278.159343
278.216906
278.241387
278.313746
278.345127
278.397644
278.457105
278.513818
278.569434
278.618944
278.670530
278.699799
278.763067
278.790892
278.864199
278.895178
278.956858
278.988359
279.060352
279.103712
279.166724
279.201820
279.264247
279.317024
279.363748
279.389102
279.470057
279.518510
279.548364
279.595888
279.651462
279.714235
279.761715
279.818508
279.852246
279.913530
279.969871
279.990126
280.049539
280.110214
280.169141
280.206114
280.244212
280.314463
280.363510
280.414886
280.466263
280.517002
280.550941
280.590126
280.657926
280.715153
280.760170
280.822308
280.864919
280.902931
280.948344
281.018440
281.072014
281.112457
281.169930
281.183263
281.245102
281.300367
281.365404
281.393934
281.457467
281.514202
281.565860
281.605669
281.650350
281.686987
281.747885
281.803154
281.861301
281.892532
281.959786
282.014119
282.068405
282.116359
282.169386
282.212402
282.254305
282.287443
282.365168
282.407011
282.461489
282.484018
282.563051
282.620904
282.636862
282.695235
282.772000
282.806393
282.869712
282.893025
282.958022
283.018130
283.068786
283.089437
283.144187
283.211631
283.227060
283.305326
283.367273
283.413649
283.469413
283.504808
283.554211
283.618256
283.651048
283.708094
283.755911
283.791148
283.863241
283.897704
283.963525
283.999559
284.062523
284.118784
284.159242
284.199459
284.247815
284.304915
284.355295
284.414375
284.462626
284.505267
284.554960
284.620236
284.661263
284.697979
284.751140
284.815248
284.862047
284.874925
284.958078
285.012222
285.059404
285.105190
285.157628
285.208626
285.266245
285.288680
285.340341
285.400638
285.464815
285.506028
285.567218
285.621795
285.661194
285.722229
285.755883
285.819493
285.853284
285.903608
285.974104
286.020450
286.043499
286.114060
286.161366
286.196863
286.257193
286.314468
286.368654
286.421197
286.468495
286.510535
286.526808
286.600744
286.665406
286.719145
286.771454
286.801988
286.850938
286.915581
286.958134
287.012725
287.058628
287.101170
287.146372
287.219422
287.269266
287.313999
287.366195
287.390541
287.467088
287.508882
287.550534
287.603003
287.656511
287.712703
287.737192
287.811832
287.862290
287.919231
287.949457
288.004684
288.050028
288.115380
288.156195
288.205821
288.258403
288.300259
288.353374
288.406008
288.463549
288.513621
288.567445
288.601706
288.659120
288.705775
288.763370
288.803465
288.852981
288.918082
288.973541
289.009030
289.066212
289.114483
289.148276
289.206235
289.265610
289.318961
289.353913
289.419688
289.449988
289.503022
289.571249
289.616927
289.644448
289.698380
289.763959
289.795921
289.843486
289.922715
289.967379
290.005995
290.054266
290.108365
290.146092
290.201943
290.263911
290.321876
290.346299
290.416854
290.451832
290.508845
290.556961
290.612893
290.664832
290.712339
290.767846
290.813863
290.866654
290.906153
290.967016
291.010922
291.052728
291.103392
291.163210
291.213603
291.265765
291.307818
291.346675
291.403992
291.431834
291.514031
291.559263
291.600077
291.651089
291.707070
291.769642
291.812546
291.869893
291.911254
291.971802
292.010407
292.061263
292.120150
292.161515
292.223849
292.268004
292.311422
292.372159
292.403004
292.449034
292.507822
292.570418
292.617941
292.651860
292.692783
292.755264
292.810978
292.862728
292.919012
292.966044
293.010386
293.063691
293.123139
293.173705
293.205420
293.249392
293.315741
293.361071
293.419767
293.466554
293.498899
293.571635
293.602305
293.658944
293.714241
293.767076
293.813960
293.853480
293.918587
293.971504
294.011101
294.065423
294.102274
294.142365
294.210298
294.262343
294.302235
294.350452
294.417441
294.448380
294.494314
294.525216
294.617888
294.665023
294.721554
294.760680
294.801392
294.871146
294.915370
294.961165
295.012837
295.057716
295.083926
295.135736
295.222102
295.248407
295.295426
295.356534
295.403559
295.470772
295.512336
295.537403
295.615823
295.671902
295.702686
295.757900
295.807397
295.860881
295.901075
295.955095
296.017593
296.056081
296.109430
296.165541
296.211056
296.264460
296.306398
296.358421
296.416986
296.463417
296.517650
296.570397
296.599276
296.647224
296.706501
296.751091
296.819266
296.861769
296.913539
296.928164
297.013621
297.059177
297.113699
297.144224
297.218709
297.269760
297.309902
297.362813
297.397411
297.464275
297.496175
297.551260
297.597037
297.656529
297.705339
297.764640
297.820220
297.847437
297.916845
297.956272
298.018655
298.064980
298.111035
298.157047
298.218993
298.271176
298.312512
298.369993
298.419557
298.443274
298.521154
298.549007
298.596144
298.670872
298.720352
298.764454
298.797278
298.853693
298.905094
298.964198
299.007360
299.071469
299.113477
299.158911
299.203004
299.271062
299.312130
299.372170
299.400347
299.467899
299.523329
299.540512
299.616936
299.667524
299.722299
299.760585
299.814685
299.870059
299.917172
299.966450
300.010503
300.066409
300.103129
300.173012
300.205244
300.261072
300.311140
300.370929
300.384497
300.471239
300.509171
300.566607
300.610511
300.671737
300.719845
300.762616
300.791475
300.856843
300.919477
300.951855
301.018339
301.060464
301.112067
301.158030
301.216280
301.256154
301.311341
301.352826
301.396831
301.457316
301.513861
301.567977
301.610492
301.666714
301.698244
301.764312
301.803558
301.827217
301.912652
301.974391
302.015685
302.062612
302.117628
302.161300
302.200233
302.248140
302.308558
302.370329
302.412472
302.467779
302.511228
302.550531
302.608126
302.654636
302.709074
302.763598
302.819284
302.836593
302.909464
302.960959
303.018051
303.066221
303.090254
303.171510
303.201316
303.269849
303.320805
303.367192
303.414973
303.460167
303.515587
303.568155
303.614353
303.655284
303.715375
303.765191
303.821330
303.861510
303.908460
303.963617
304.015642
304.049053
304.109190
304.160515
304.220999
304.261832
304.319699
304.361129
304.401906
304.474008
304.519979
304.559783
304.610140
304.650023
304.710042
304.758681
304.820206
304.870486
304.907522
304.963736
305.016129
305.056991
305.093420
305.162297
305.215170
305.245338
305.310009
305.358512
305.424473
305.467193
305.512392
305.556500
305.620907
305.653652
305.707162
305.756998
305.816301
305.862555
305.904262
305.957420
306.013237
306.075040
306.113759
306.158009
306.218499
306.272077
306.310139
306.366308
306.419370
306.464680
306.494281
306.549646
306.613455
306.662964
306.707440
306.755533
306.809336
306.845827
306.918604
306.951397
307.007936
307.057942
307.116172
307.127787
307.212416
307.270261
307.316052
307.356138
307.410007
307.470403
307.481690
307.543015
307.603791
307.672590
307.694498
307.756118
307.814253
307.864751
307.910239
307.939203
308.019854
308.070988
308.116346
308.148905
308.178257
308.268429
308.315695
308.370219
308.422280
308.470775
308.510417
308.561205
308.617016
308.671878
308.713169
308.744941
308.816394
308.864462
308.923105
308.937285
309.014342
309.062366
309.101658
309.142944
309.212034
309.270442
309.301420
309.373607
309.418512
309.467249
309.509120
309.553232
309.603993
309.659272
309.710670
309.769252
309.799369
309.867438
309.898687
309.949054
310.017817
310.071913
310.118742
310.147158
310.208699
310.248715
310.300128
310.358490
310.373732
310.448993
310.511510
310.567273
310.617183
310.644393
310.714492
310.767373
310.814346
310.851033
310.908862
310.964730
311.003451
311.059998
311.119683
311.148809
311.221488
311.261350
311.303905
311.362139
311.421882
311.473043
311.517319
311.557158
311.603248
311.670413
311.713047
311.752086
311.804947
311.864018
311.910184
311.966987
312.010760
312.056138
312.104236
312.165436
312.197347
312.253281
312.316225
312.346033
312.398916
312.463532
312.512011
312.557194
312.613015
312.666819
312.709051
312.758336
312.815299
312.871347
312.907526
312.964919
313.014751
313.058017
313.122490
313.163968
313.212205
313.251748
313.322833
313.349108
313.411351
313.462537
313.514022
313.560706
313.618528
313.643386
313.717646
313.741219
313.815502
313.864196
313.915145
313.967281
314.014812
314.048511
314.114192
314.151014
314.192306
314.255300
314.281546
314.361306
314.405053
314.450904
314.505231
314.549972
314.620337
314.652523
314.697344
314.758250
314.815663
314.870167
314.894478
314.972248
315.013128
315.042154
315.117901
315.168730
315.223358
315.250135
315.314507
315.360524
315.420130
315.469597
315.496204
315.567135
315.606806
315.640252
315.696462
315.770887
315.816914
315.863815
315.923219
315.955292
316.023174
316.064883
316.096886
316.165190
316.208743
316.252540
316.310215
316.348333
316.421409
316.457625
316.508520
316.560181
316.587741
316.635559
316.708891
316.770148
316.801949
316.861600
316.906320
316.950412
317.011272
317.053519
317.114660
317.165193
317.210683
317.268202
317.305253
317.355490
317.406346
317.461943
317.510437
317.568320
317.615428
317.645391
317.711997
317.766514
317.813360
317.858009
317.921741
317.968220
317.999402
318.055969
318.092517
318.157429
318.216223
318.271554
318.309335
318.368259
318.409548
318.467505
318.485291
318.544141
318.605805
318.649548
318.721349
318.771789
318.823058
318.861181
318.909798
318.941329
319.014204
319.072523
319.104921
319.162248
319.204548
319.273036
319.321429
319.346866
319.410864
319.468155
319.496285
319.560850
319.615849
319.665518
319.712616
319.744916
319.800467
319.858011
319.907358
319.967114
320.001694
320.063633
320.104218
320.163592
320.216970
320.256385
320.314260
320.348083
320.405406
320.467531
320.521907
320.566097
320.618407
320.668174
320.724273
320.767625
320.812826
320.861877
320.917150
320.947921
321.002114
321.052461
321.116417
321.116417
321.196624
321.235830
321.301393
321.353789
321.405156
321.471781
321.510120
321.539478
321.603970
321.671180
321.707942
321.752245
321.816592
321.843970
321.892378
321.964397
321.996984
322.067005
322.103157
322.173750
322.223840
322.252007
322.315370
322.358243
322.411792
322.463131
322.514318
322.542973
322.608173
322.667047
322.708723
322.756559
322.799559
322.865533
322.921602
322.967590
323.019917
323.070149
323.121527
323.163097
323.208392
323.255377
323.309438
323.358497
323.387056
323.451170
323.505753
323.556879
323.601642
323.661458
323.719935
323.769515
323.808403
323.873416
323.912047
323.952200
324.009093
324.056966
324.115902
324.162500
324.213021
324.264411
324.312073
324.361137
324.401486
324.438995
324.510350
324.562502
324.619153
324.651505
324.712866
324.769125
324.815415
324.864642
324.918798
324.966754
325.023952
325.054836
325.115469
325.151630
325.220814
325.248999
325.303063
325.361354
325.419965
325.450304
325.511090
325.538063
325.617376
325.659054
325.721933
325.750719
325.804175
325.860223
325.882325
325.974034
326.012443
326.054111
326.105469
326.162800
326.211513
326.265479
326.289062
326.357384
326.420274
326.461365
326.503108
326.567677
326.616682
326.674928
326.696409
326.754071
326.817346
326.867294
326.904077
326.952934
326.999690
327.072362
327.123743
327.145848
327.209840
327.270726
327.319082
327.369382
327.406939
327.466638
327.495399
327.557992
327.621048
327.663423
327.703560
327.767608
327.818122
327.846015
327.920995
327.972523
328.017730
328.058093
328.098779
328.164131
328.218771
328.268946
328.310247
328.359383
328.417667
328.454364
328.524003
328.554225
328.616728
328.661094
328.720338
328.766073
328.812735
328.857268
328.902416
328.967611
329.009120
329.072481
329.112999
329.157519
329.220516
329.255996
329.311131
329.361696
329.387954
329.454549
329.511965
329.539383
329.600136
329.665222
329.720780
329.755821
329.821761
329.864420
329.911418
329.956661
330.016078
330.065143
330.117077
330.159760
330.206262
330.252239
330.319363
330.354017
330.418425
330.451291
330.514817
330.540398
330.613136
330.661401
330.721994
330.752544
330.800416
330.872501
330.891234
330.967844
330.996070
331.057086
331.106415
331.161494
331.211468
331.268331
331.317006
331.358078
331.408400
331.464078
331.513927
331.568420
331.601106
331.653834
331.702201
331.766517
331.811719
331.861110
331.922145
331.950865
332.008086
332.052490
332.117576
332.161975
332.202991
332.259934
332.309191
332.361341
332.414813
332.458966
332.519434
332.562774
332.610360
332.660164
332.716584
332.766149
332.796130
332.847842
332.902159
332.953479
333.022803
333.058556
333.094651
333.166972
333.221270
333.268967
333.293421
333.360561
333.418779
333.436356
333.497989
333.557184
333.614430
333.650639
333.703990
333.768289
333.808963
333.860957
333.917652
333.960835
334.014947
334.043543
334.100719
334.157637
334.197440
334.267936
334.309881
334.372552
334.416822
334.458472
334.510888
334.550317
334.606019
334.669453
334.705477
334.760598
334.811827
334.869482
334.900992
334.963419
335.008977
335.065492
335.102396
335.160663
335.205287
335.265368
335.311648
335.365520
335.403978
335.459334
335.489952
335.566148
335.617925
335.660797
335.703989
335.765833
335.812818
335.871892
335.901132
335.954405
336.011474
336.060981
336.103198
336.170554
336.223459
336.258713
336.310349
336.364804
336.423599
336.463311
336.509075
336.557398
336.608411
336.660693
336.720872
336.769909
336.792813
336.870526
336.906891
336.934922
336.996082
337.072988
337.102904
337.144015
337.202416
337.254470
337.309063
337.359057
337.384340
337.469821
337.520754
337.542593
337.597468
337.664505
337.717307
337.768967
337.806280
337.857919
337.906541
337.942415
338.003276
338.070005
338.099898
338.161147
338.187422
338.265109
338.315277
338.356014
338.399374
338.464536
338.508562
338.566186
338.610866
338.673385
338.717844
338.756928
338.806559
338.836301
338.912327
338.966646
338.994050
339.067248
339.102583
339.159422
339.215484
339.261071
339.313524
339.371866
339.408117
339.458520
339.508530
339.571341
339.603092
339.661105
339.720964
339.735148
339.782374
339.864210
339.919276
339.972501
340.008217
340.040879
340.074589
340.163501
340.207146
340.267444
340.309833
340.346767
340.416276
340.446356
340.511789
340.565375
340.607234
340.657618
340.713306
340.764040
340.792958
340.853400
340.922130
340.960433
341.020978
341.071847
341.120338
341.167687
341.216232
341.264219
341.300766
341.356340
341.414672
341.448415
341.501219
341.571828
341.610937
341.644395
341.704101
341.766880
341.823951
341.858941
341.913826
341.965837
342.010384
342.063458
342.115952
342.159614
342.204713
342.250166
342.312320
342.361521
342.404058
342.463583
342.518063
342.573725
342.615015
342.646694
342.719722
342.770450
342.803956
342.854699
342.900769
342.957632
342.995382
343.067075
343.114173
343.144506
343.206814
343.265711
343.311904
343.360627
343.423858
343.461996
343.515512
343.544506
343.616925
343.671195
343.721266
343.765412
343.816959
343.858154
343.921171
343.949800
344.000607
344.070341
344.099270
344.148333
344.201012
344.266861
344.296434
344.359097
344.407224
344.464292
344.493743
344.568396
344.606129
344.663654
344.708290
344.767941
344.781240
344.862737
344.902723
344.963216
345.019143
345.057940
345.112443
345.163360
345.220281
345.273019
345.311429
345.361397
345.424191
345.466884
345.498401
345.542064
345.610615
345.650224
345.705326
345.766964
345.807667
345.845695
345.918484
345.970306
345.994189
346.062948
346.114365
346.162229
346.205906
346.258693
346.308927
346.342768
346.415112
346.467814
346.509057
346.552874
346.610808
346.667214
346.695205
346.749800
346.814200
346.863272
346.907391
346.966410
347.012083
347.046410
347.118730
347.160944
347.206543
347.266838
347.312819
347.355133
347.419599
347.447655
347.514337
347.559372
347.592227
347.652781
347.702097
347.774847
347.814022
347.869076
347.908388
347.963213
348.017439
348.065132
348.105011
348.160719
348.174415
348.268178
348.317503
348.371286
348.417322
348.441352
348.512889
348.570272
348.608303
348.667155
348.706280
348.757480
348.792965
348.847020
348.900550
348.958374
349.006544
349.058546
349.118391
349.162469
349.201901
349.251762
349.310975
349.370270
349.420635
349.447736
349.507889
349.568710
349.598210
349.646508
349.717938
349.767187
349.822859
349.844364
349.902308
349.953275
350.010661
350.067855
350.107838
350.163338
350.219610
350.267445
350.310630
350.373345
350.418866
350.449288
350.509305
350.573039
350.611117
350.666103
350.719262
350.766311
350.822550
350.858589
350.914173
350.963742
351.018682
351.068123
351.099234
351.162100
351.205557
351.262917
351.319096
351.371985
351.416101
351.458624
351.499972
351.564385
351.613359
351.671387
351.708869
351.759361
351.808439
351.870784
351.899697
351.926280
352.018159
352.073691
352.094922
352.155220
352.214216
352.259520
352.298011
352.361970
352.401012
352.469795
352.469795
352.565548
352.596240
352.653216
352.716560
352.763944
352.810504
352.854090
352.908309
352.958200
353.018039
353.057862
353.100775
353.171515
353.213495
353.269931
353.300357
353.338975
353.411956
353.464995
353.502945
353.546345
353.623251
353.657081
353.698826
353.764781
353.818058
353.861517
353.894353
353.952272
354.014162
354.058517
354.104426
354.163802
354.197491
354.271011
354.299054
354.369108
354.410581
354.465296
354.514437
354.544658
354.612653
354.663991
354.696232
354.753095
354.819282
354.873373
354.904422
354.966795
355.014386
355.043079
355.101954
355.161116
355.214757
355.255790
355.313416
355.366891
355.419362
355.469084
355.510351
355.565797
355.616942
355.668927
355.704914
355.769009
355.795322
355.858917
355.915102
355.958442
356.009411
356.070493
356.102155
356.151191
356.192082
356.258446
356.312937
356.329222
356.405402
356.468464
356.495709
356.571635
356.616462
356.665509
356.722494
356.767278
356.811843
356.861765
356.917329
356.949026
357.009249
357.066719
357.102506
357.143042
357.208508
357.239620
357.299956
357.356083
357.406322
357.463554
357.515088
357.566082
357.590446
357.647680
357.723513
357.763698
357.810561
357.853276
357.919600
357.959792
357.997392
358.051273
358.114839
358.158554
358.200113
358.253205
358.311462
358.354967
358.419734
358.444976
358.499399
358.499399
358.616870
358.667055
358.712157
358.764528
358.818121
358.851119
358.920103
358.959968
358.988816
359.065168
359.121555
359.164093
359.206522
359.270328
359.317689
359.368812
359.412344
359.459283
359.521189
359.552586
359.604867
359.657987
359.698236
359.763733
359.819829
359.863405
359.891871
359.964746
360.020093
360.047802
360.103407
360.170881
360.203289
360.254846
360.304528
360.370026
360.402060
360.455133
360.519099
360.556127
360.610181
360.625422
360.713943
360.758679
360.812015
360.837271
360.905282
360.966298
361.019410
361.054065
361.112302
361.164902
361.221661
361.255533
361.293433
361.354242
361.404594
361.460993
361.485903
361.573025
361.615380
361.662893
361.692522
361.770934
361.802165
361.853637
361.915629
361.959409
362.021037
362.064432
362.099807
362.167204
362.222166
362.248601
362.316852
362.369418
362.417845
362.462855
362.507295
362.548641
362.600619
362.672632
362.706923
362.760457
362.809271
362.868252
362.919843
362.970387
363.006902
363.062935
363.091700
363.153585
363.221678
363.261065
363.316521
363.316521
363.415973
363.445931
363.522804
363.550594
363.614972
363.660759
363.712231
363.766761
363.822964
363.866748
363.909732
363.946827
364.000934
364.067036
364.111805
364.167812
364.196902
364.260988
364.321281
364.357361
364.411506
364.473066
364.502365
364.567799
364.600696
364.656230
364.716818
364.763892
364.818341
364.855421
364.914706
364.957583
365.018893
365.067023
365.112268
365.140363
365.217066
365.261469
365.320451
365.349017
365.398030
365.453198
365.518458
365.566228
365.597965
365.660487
365.701178
365.760244
365.810177
365.870450
365.914814
365.967118
366.016964
366.073931
366.108053
366.162262
366.218336
366.241399
366.319407
366.364105
366.410019
366.465183
366.520098
366.546714
366.591172
366.668515
366.714080
366.760302
366.789741
366.861849
366.911322
366.970746
367.005130
367.032519
367.100950
367.170498
367.216091
367.267226
367.320232
367.367431
367.395115
367.454792
367.510118
367.560513
367.608121
367.649669
367.710461
367.748280
367.804010
367.871502
367.909830
367.956310
368.013896
368.060900
368.093943
368.172956
368.210431
368.259839
368.317289
368.370431
368.394470
368.456176
368.517890
368.561806
368.610551
368.637744
368.698628
368.771936
368.816042
368.849795
368.920274
368.960275
369.017667
369.030551
369.114152
369.169862
369.213387
369.251079
369.305342
369.370738
369.411094
369.460048
369.497814
369.565195
369.578318
369.652738
369.698664
369.749833
369.811002
369.847528
369.899196
369.970358
370.002523
370.062731
370.084098
370.168770
370.211261
370.255559
370.307137
370.362616
370.395211
370.438120
370.493898
370.560082
370.604338
370.654261
370.707454
370.769110
370.819523
370.866073
370.901776
370.968061
371.004861
371.073871
371.113229
371.168422
371.222239
371.274903
371.288400
371.359097
371.401930
371.468076
371.496520
371.559247
371.609834
371.666528
371.696825
371.768892
371.824140
371.868372
371.912352
371.945110
372.021349
372.066367
372.107975
372.158111
372.218781
372.262156
372.318120
372.367619
372.399368
372.455868
372.505102
372.567827
372.593015
372.643960
372.712761
372.712761
372.817116
372.854511
372.912166
372.939351
373.000265
373.053850
373.115915
373.141618
373.203142
373.260972
373.301897
373.301897
373.418787
373.455862
373.486055
373.547230
373.610821
373.661700
373.711509
373.764632
373.812623
373.868374
373.911996
373.963276
374.013259
374.063697
374.091968
374.169336
374.208773
374.263158
374.320960
374.369704
374.401224
374.462714
374.518445
374.566384
374.595356
374.657542
374.713367
374.772870
374.807876
374.865989
374.896762
374.966198
375.003967
375.062685
375.109285
375.157194
375.216243
375.265098
375.318012
375.367071
375.396850
375.459751
375.513518
375.555227
375.601695
375.645352
375.709483
375.770405
375.815126
375.864841
375.908478
375.952342
376.013342
376.057500
376.094330
376.148464
376.211519
376.226701
376.294159
376.361173
376.373843
376.451494
376.515263
376.561891
376.595966
376.652258
376.715920
376.769439
376.806909
376.863685
376.909816
376.965443
377.005883
377.058102
377.107516
377.154036
377.197175
377.266539
377.308842
377.364800
377.412410
377.457494
377.520227
377.562843
377.590755
377.669396
377.717945
377.773812
377.803166
377.865038
377.906345
377.973227
378.013985
378.072014
378.100867
378.158665
378.215100
378.242273
378.314376
378.354866
378.408744
378.458050
378.512361
378.566799
378.606266
378.650277
378.699604
378.758495
378.819330
378.849275
378.905863
378.969823
378.984678
379.048615
379.105165
379.168442
379.213490
379.262607
379.314419
379.362309
379.422457
379.453364
379.503020
379.551121
379.617999
379.668797
379.722922
379.772166
379.814230
379.858644
379.904992
379.970693
380.015145
380.061240
380.106175
380.165421
380.203325
380.255243
380.302162
380.358918
380.408553
380.408553
380.512311
380.555033
380.609061
380.661372
380.693836
380.738232
380.804996
380.851184
380.875111
380.943344
381.012088
381.067527
381.101541
381.146950
381.207360
381.264336
381.319226
381.368407
381.421345
381.458672
381.521973
381.568534
381.597947
381.665648
381.676644
381.767091
381.822991
381.851377
381.920644
381.965302
382.020145
382.056263
382.099794
382.162483
382.203640
382.257293
382.315511
382.359668
382.413081
382.452345
382.508786
382.534530
382.599216
382.663615
382.719512
382.768085
382.808884
382.862072
382.915408
382.951645
382.994302
383.072927
383.111334
383.163550
383.217541
383.269599
383.308387
383.360178
383.414319
383.470447
383.519080
383.560016
383.534119
383.654103
383.702865
383.765171
383.805127
383.852471
383.901661
383.962849
384.014930
384.044857
384.112778
384.157592
384.202469
384.267423
384.316937
384.342962
384.400407
384.437995
384.518082
384.549184
384.610867
384.668896
384.688858
384.760225
384.805918
384.870903
384.911315
384.943902
385.016740
385.016740
385.112616
385.169095
385.215351
385.245543
385.308962
385.362487
385.400271
385.455961
385.519284
385.559468
385.600843
385.662872
385.716507
385.760052
385.809394
385.836210
385.915917
385.969841
386.016323
386.048491
386.108718
386.169846
386.215207
386.259618
386.319390
386.352730
386.398670
386.453273
386.509179
386.562558
386.604743
386.664155
386.718456
386.772644
386.814821
386.847237
386.890714
386.967847
386.996507
387.057029
387.115912
387.165446
387.212260
387.243967
387.297869
387.350133
387.406295
387.437969
387.498439
387.563774
387.621297
387.631402
387.711057
387.759123
387.811477
387.860861
387.892202
387.970926
388.010765
388.037621
388.102677
388.165893
388.219461
388.252998
388.318238
388.362768
388.419527
388.463917
388.495519
388.564246
388.603268
388.659418
388.715606
388.746297
388.810819
388.867695
388.867695
388.949156
389.007086
389.066965
389.093226
389.152310
389.220203
389.267892
389.302863
389.358427
389.416779
389.474264
389.520066
389.565240
389.613388
389.656938
389.704969
389.760804
389.798301
389.868357
389.915899
389.945455
390.012009
390.064271
390.121457
390.167850
390.198551
390.265903
390.292115
390.356716
390.395739
390.465744
390.508958
390.573371
390.618753
390.660470
390.703145
390.747209
390.813049
390.856354
390.912527
390.966076
391.020703
391.053141
391.111358
391.158041
391.199871
391.267488
391.302937
391.343138
391.411296
391.462384
391.508514
391.568151
391.615302
391.648948
391.718055
391.758359
391.794930
391.858015
391.914060
391.930404
391.999329
392.056468
392.110485
392.142526
392.212469
392.268378
392.285270
392.358778
392.416426
392.463822
392.492370
392.570803
392.617370
392.664266
392.703894
392.748957
392.808653
392.864353
392.917506
392.957212
393.019107
393.052808
393.119690
393.151621
393.205974
393.273244
393.285026
393.363707
393.396706
393.448925
393.498132
393.569407
393.619675
393.668381
393.711532
393.765990
393.781020
393.866904
393.907952
393.961975
393.997588
394.039988
394.120058
394.163455
394.198104
394.252173
394.315626
394.373483
394.406435
394.466614
394.514560
394.570040
394.622311
394.672546
394.712919
394.770128
394.816536
394.868524
394.911242
394.964485
394.996671
395.042519
395.096830
395.161276
395.208907
395.267546
395.322127
395.345167
395.415891
395.415891
395.521706
395.571206
395.614488
395.655199
395.712343
395.753315
395.818269
395.859545
395.889032
395.964407
396.020355
396.065880
396.114799
396.168190
396.217252
396.249472
396.316675
396.359634
396.412193
396.446944
396.496285
396.571125
396.599644
396.661233
396.691289
396.765442
396.808147
396.869686
396.907514
396.955600
397.022301
397.050972
397.098079
397.171008
397.217381
397.256294
397.308509
397.368861
397.412143
397.457207
397.503658
397.571490
397.610378
397.669891
397.714235
397.759090
397.799336
397.852335
397.904343
397.962489
398.006747
398.062432
398.080770
398.161374
398.219392
398.257347
398.303732
398.360773
398.415047
398.470726
398.485229
398.537811
398.615371
398.668426
398.699048
398.749644
398.811250
398.862852
398.917681
398.971047
399.023040
399.063325
399.108922
399.165395
399.215945
399.262932
399.303278
399.353318
399.417212
399.461991
399.515026
399.567048
399.621059
399.654384
399.697221
399.758461
399.819474
399.869596
399.899116
399.942922
399.942922
400.052275
400.121666
400.170412
400.197531
400.261435
400.310236
400.332070
400.411611
400.459443
400.514249
400.557594
400.579618
400.644471
400.712171
400.740639
400.818033
400.867556
400.867556
400.935155
401.015860
401.062114
401.118361
401.146011
401.195186
401.241778
401.287215
401.287215
401.401428
401.468679
401.515007
401.538867
401.577455
401.640275
401.694916
401.766989
401.755788
401.855929
401.921521
401.963413
402.010308
402.010308
402.104851
402.172332
402.172332
402.232039
402.277925
402.364016
402.420140
402.464089
402.511035
402.555658
402.608385
402.662956
402.714360
402.767963
402.811301
402.861314
402.907295
402.965437
402.992212
403.040991
403.117642
403.161787
403.203926
403.264037
403.313386
403.344313
403.385243
403.425840
403.507235
403.556281
403.611662
403.646880
403.709378
403.768594
403.810090
403.855541
403.916434
403.964609
404.020502
404.067395
404.096424
404.158542
404.216368
404.268516
404.313031
404.373495
404.402462
404.469215
404.493783
404.545357
404.613140
404.613140
404.672325
404.753032
404.810298
404.859885
404.917783
404.965924
405.008260
405.073776
405.103860
405.165648
405.220484
405.258292
405.291322
405.337509
405.414768
405.458294
405.506325
405.562584
405.611372
405.640759
405.708465
405.758355
405.799426
405.868713
405.903241
405.969345
405.995155
406.063745
406.110925
406.149270
406.217316
406.262720
406.319354
406.350532
406.416076
406.431967
406.516683
406.565688
406.612975
406.664894
406.717909
406.717909
406.821725
406.852874
406.901778
406.961859
407.016496
407.047392
407.115854
407.167091
407.202671
407.258424
407.302931
407.354545
407.406271
407.456348
407.514173
407.559645
407.612279
407.666831
407.696757
407.746324
407.797811
407.865985
407.906246
407.968228
408.017860
408.049391
408.121112
408.154915
408.209978
408.260779
408.318238
408.364490
408.393911
408.460300
408.514818
408.564507
408.592848
408.668321
408.708976
408.748534
408.805397
408.865223
408.896258
408.956997
409.009370
409.061957
409.105062
409.154596
409.211464
409.258080
409.315846
409.367371
409.399342
409.459205
409.505700
409.563846
409.594946
409.659984
409.713459
409.772819
409.803923
409.860232
409.907063
409.956292
410.013447
410.065800
410.117712
410.161188
410.205286
410.271636
410.305140
410.359000
410.420875
410.452987
410.516333
410.561491
410.620157
410.650610
410.701190
410.751142
410.788732
410.847320
410.907869
410.964950
411.003458
411.003458
411.121344
411.121344
411.204757
411.253011
411.313382
411.360004
411.384555
411.466976
411.520936
411.569407
411.620156
411.650209
411.717604
411.763526
411.819881
411.846432
411.902424
411.964985
412.005531
412.059347
412.101804
412.160288
412.203115
412.254444
412.303396
412.373067
412.417056
412.463516
412.515432
412.557537
412.612853
412.663065
412.708880
412.773080
412.810790
412.848720
412.900329
412.963788
413.019991
413.058473
413.112794
413.160594
413.217299
413.254030
413.315406
413.359468
413.405162
413.450610
413.510266
413.557341
413.617384
413.646862
413.721601
413.756988
413.812798
413.852417
413.901415
413.967757
414.012789
414.040427
414.103733
414.166225
414.220698
414.248590
414.309193
414.353755
414.416313
414.460875
414.520971
414.561333
414.601441
414.670316
414.670316
414.770945
414.813274
414.867544
414.916362
414.957850
415.023199
415.065985
415.098770
415.158504
415.220037
415.264631
415.314991
415.370842
415.393962
415.473411
415.487085
415.562784
415.612288
415.658262
415.702591
415.763759
415.810063
415.872296
415.917030
415.939594
416.005064
416.068845
416.108510
416.155723
416.209274
416.262326
416.302240
416.360847
416.417550
416.464542
416.503181
416.570027
416.594126
416.671271
416.713355
416.760199
416.818027
416.854113
416.898842
416.946167
416.998204
417.070680
417.108015
417.149113
417.212077
417.266228
417.318982
417.352313
417.398525
417.464401
417.516171
417.555398
417.621372
417.656860
417.703339
417.765793
417.812516
417.868246
417.911853
417.963985
418.003263
418.055849
418.113077
418.170426
418.198860
418.266298
418.296280
418.348840
418.409653
418.462037
418.515638
418.544749
418.595547
418.657115
418.692466
418.758544
418.808275
418.867554
418.901421
418.966959
419.018180
419.056672
419.103594
419.167039
419.217725
419.245551
419.298250
419.366675
419.417623
419.458082
419.506403
419.563631
419.594138
419.644053
419.719640
419.743776
419.811974
419.847354
419.912984
419.954839
419.995812
420.055449
420.109405
420.166560
420.197609
420.259950
420.317666
420.352318
420.405377
420.463905
420.511007
420.559886
420.590813
420.637028
420.699028
420.760328
420.800514
420.866090
420.921084
420.969710
421.013313
421.059989
421.102886
421.157841
421.212879
421.228806
421.299907
421.365190
421.422311
421.466715
421.509007
421.562947
421.617290
421.654950
421.717113
421.758540
421.816667
421.847133
421.910908
421.971302
422.013517
