# Elapsed_Time_Seconds
0.000000
1.676934
1.728346
1.782993
1.826713
1.893306
1.927993
1.976176
2.033867
2.070381
2.124428
2.184728
2.241771
2.283410
2.330623
2.379777
2.439271
2.479364
2.511697
2.595960
2.634821
2.682460
2.710801
2.790623
2.833643
2.865738
2.913603
2.988322
3.021538
3.087616
3.137002
3.192259
3.226663
3.283734
3.337408
3.384047
3.440570
3.483761
3.518498
3.580642
3.630472
3.685584
3.736293
3.786327
3.832319
3.879255
3.934949
3.985031
4.035220
4.078275
4.120402
4.182237
4.243316
4.284845
4.335698
4.366886
4.443249
4.485893
4.529505
4.574940
4.629163
4.670249
4.724941
4.774588
4.827642
4.870456
4.923472
4.974628
5.030624
5.065358
5.123176
5.184358
5.213749
5.274113
5.325105
5.367717
5.426214
5.482609
5.543021
5.567606
5.626585
5.688901
5.724063
5.774156
5.827076
5.884346
5.939291
5.974422
6.031717
6.077328
6.135033
6.183544
6.209647
6.293093
6.332831
6.386192
6.442446
6.485344
6.526932
6.580084
6.602528
6.678338
6.727284
6.770283
6.819131
6.879235
6.941981
6.988120
7.016862
7.088792
7.135088
7.178585
7.227089
7.292463
7.334456
7.390309
7.439468
7.469790
7.532947
7.576508
7.635609
7.676187
7.717896
7.777470
7.819355
7.886046
7.930139
7.982718
8.030940
8.060783
8.137145
8.193076
8.209749
8.287241
8.334970
8.389439
8.423473
8.486922
8.545642
8.586260
8.624056
8.695638
8.740550
8.770454
8.833738
8.862893
8.941001
8.982978
9.027302
9.073463
9.126132
9.180577
9.225159
9.267088
9.339683
9.390185
9.433454
9.472040
9.523926
9.590039
9.633897
9.669349
9.740772
9.786229
9.834366
9.846755
9.935654
9.989714
10.030184
10.088404
10.136736
10.188364
10.227374
10.277422
10.330646
10.381781
10.437298
10.489106
10.529232
10.579439
10.627463
10.674508
10.740801
10.789174
10.834432
10.879430
10.941926
10.986267
11.036774
11.070650
11.112669
11.192900
11.229502
11.277208
11.338077
11.389231
11.442687
11.483241
11.532060
11.583580
11.623211
11.687073
11.742704
11.772720
11.832660
11.890701
11.933015
11.986964
12.031219
12.090599
12.101281
12.178970
12.244581
12.282627
12.319468
12.364241
12.440925
12.479964
12.536038
12.590164
12.637661
12.682998
12.730719
12.771249
12.822738
12.876730
12.924874
12.957278
13.040653
13.088404
13.138787
13.138787
13.235443
13.286922
13.315047
13.390502
13.440533
13.482919
13.535136
13.595646
13.622689
13.680702
13.737667
13.783662
13.840106
13.877780
13.934958
13.957565
14.027941
14.092119
14.131169
14.181882
14.225569
14.288254
14.334115
14.394283
14.425992
14.483487
14.541242
14.589949
14.618436
14.682916
14.725726
14.776040
14.827385
14.869951
14.939861
14.989420
15.042057
15.080107
15.134355
15.167884
15.210947
15.278196
15.332462
15.374460
15.425206
15.489396
15.528767
15.578331
15.636747
15.662990
15.728951
15.787883
15.830763
15.878270
15.941648
15.985308
16.018684
16.075480
16.138716
16.155558
16.215688
16.292631
16.323183
16.391793
16.431621
16.485562
16.535553
16.575333
16.639275
16.676184
16.729696
16.786023
16.818006
16.887371
16.930016
16.968715
17.031123
17.086679
17.139375
17.195126
17.211051
17.278624
17.328096
17.378979
17.425755
17.475796
17.528706
17.564605
17.640206
17.672161
17.732561
17.790092
17.832044
17.877503
17.905439
17.977161
18.041041
18.075510
18.130184
18.175390
18.241300
18.262685
18.341531
18.379637
18.423871
18.472975
18.527107
18.587020
18.637145
18.683355
18.720228
18.775561
18.833236
18.889762
18.915633
18.993486
19.044338
19.061897
19.116135
19.185764
19.228504
19.277663
19.337065
19.381977
19.438741
19.482774
19.533248
19.580680
19.622681
19.687079
19.736453
19.782488
19.841938
19.875438
19.926377
19.981766
20.045208
20.090935
20.134485
20.177748
20.244488
20.278931
20.337077
20.366338
20.419341
20.489031
20.518835
20.576621
20.626779
20.690601
20.733577
20.763278
20.839583
20.883405
20.917768
20.978525
21.037267
21.069034
21.129215
21.185438
21.232965
21.281307
21.336442
21.366249
21.434733
21.491105
21.537801
21.564167
21.642392
21.687346
21.729679
21.774597
21.838354
21.881787
21.928217
21.973843
22.030279
22.094872
22.124513
22.190045
22.241039
22.266458
22.336967
22.389948
22.442714
22.475334
22.535046
22.583173
22.638072
22.689796
22.733974
22.789772
22.820764
22.889272
22.915332
22.975758
23.022096
23.081886
23.133267
23.155752
23.229690
23.266333
23.337597
23.371023
23.430982
23.490297
23.533234
23.583104
23.613263
23.687527
23.731972
23.760860
23.820149
23.890095
23.944030
23.994907
24.020672
24.078138
24.139282
24.183778
24.238582
24.269946
24.326989
24.383196
24.425940
24.475863
24.536115
24.577500
24.615295
24.673889
24.737737
24.775835
24.830568
24.885790
24.930071
24.991673
25.011199
25.069365
25.145457
25.174432
25.225892
25.291044
25.313310
25.392025
25.412520
25.479282
25.523375
25.580024
25.611371
25.687993
25.737651
25.792873
25.806057
25.872784
25.928137
25.992728
26.042457
26.064537
26.124570
26.177950
26.218296
26.234344
26.322985
26.374496
26.426688
26.479124
26.543107
26.584174
26.637372
26.663184
26.745583
26.783849
26.837739
26.864221
26.926486
26.976797
27.021296
27.052035
27.125601
27.194764
27.233040
27.292990
27.305917
27.374803
27.434546
27.459801
27.526166
27.587557
27.643220
27.689951
27.724885
27.784986
27.842286
27.874593
27.934326
27.961349
28.026121
28.057342
28.091495
28.177837
28.215499
28.289772
28.322251
28.388376
28.433980
28.473661
28.528575
28.570133
28.629600
28.659581
28.711615
28.779981
28.842529
28.876158
28.937857
28.970690
29.012829
29.080625
29.114877
29.182208
29.221130
29.279356
29.296550
29.377387
29.428406
29.480517
29.538296
29.581638
29.632788
29.690580
29.727241
29.782726
29.830248
29.875128
29.918002
29.966156
30.042594
30.092611
30.135594
30.190439
30.238503
30.282025
30.324612
30.372241
30.429579
30.480163
30.509759
30.569398
30.637747
30.677135
30.723010
30.777199
30.837451
30.891955
30.934393
30.934393
31.013227
31.072227
31.142349
31.194938
31.243480
31.282133
31.339010
31.389001
31.423235
31.482540
31.538749
31.579144
31.637528
31.677288
31.732688
31.792051
31.811014
31.889315
31.919935
31.968469
32.025010
32.088615
32.128874
32.174084
32.235319
32.285332
32.340501
32.391469
32.439409
32.479061
32.538374
32.586486
32.613367
32.696092
32.738073
32.782138
32.836522
32.890791
32.924738
32.993577
32.993577
33.069735
33.133243
33.179781
33.236510
33.275991
33.345423
33.387311
33.422715
33.488010
33.541668
33.581897
33.619406
33.658428
33.739791
33.767689
33.831022
33.873142
33.934991
33.981965
34.030794
34.089746
34.110593
34.176593
34.232931
34.278749
34.324607
34.391124
34.437743
34.474719
34.525671
34.590514
34.632289
34.671515
34.730828
34.775456
34.826488
34.894185
34.945715
34.983937
35.026363
35.059737
35.115546
35.178381
35.230553
35.281285
35.328623
35.389788
35.444939
35.483078
35.535487
35.589308
35.643478
35.692574
35.719464
35.783604
35.826406
35.874932
35.934346
35.968344
36.040473
36.085145
36.114988
36.185193
36.235786
36.285503
36.344976
36.392116
36.434862
36.461410
36.510763
36.589661
36.630560
36.680032
36.738580
36.788346
36.841286
36.891017
36.916678
36.989213
37.027778
37.083931
37.129343
37.169775
37.240435
37.284141
37.336516
37.392012
37.439087
37.489438
37.512746
37.568661
37.633923
37.661441
37.737759
37.782787
37.844064
37.890251
37.922372
37.982458
38.034000
38.064358
38.141205
38.167399
38.245216
38.272890
38.319939
38.380094
38.442589
38.484638
38.510697
38.574544
38.630277
38.683391
38.734467
38.765236
38.831342
38.877752
38.938720
38.972318
39.032914
39.078092
39.130793
39.185551
39.238723
39.290696
39.322197
39.384242
39.413917
39.481314
39.530396
39.593977
39.629384
39.668228
39.737939
39.778490
39.823488
39.880396
39.937467
39.952910
40.027086
40.078986
40.146073
40.192485
40.223591
40.287540
40.343837
40.380372
40.432979
40.482598
40.541310
40.570976
40.617488
40.684167
40.725036
40.787743
40.838957
40.887242
40.937691
40.980572
41.043097
41.083484
41.134569
41.176292
41.228094
41.282743
41.331556
41.377990
41.436659
41.489516
41.543451
41.589497
41.635007
41.690331
41.740652
41.761175
41.826444
41.879416
41.939775
41.982543
41.996715
42.080546
42.139250
42.180797
42.241617
42.267278
42.333542
42.392378
42.416399
42.446506
42.533378
42.584230
42.616366
42.676597
42.727821
42.788104
42.833242
42.874596
42.931278
42.974279
43.026311
43.077347
43.131358
43.177611
43.220319
43.268703
43.331411
43.389111
43.418475
43.486181
43.545255
43.586156
43.633446
43.693663
43.732695
43.773562
43.830831
43.841481
43.922521
43.989294
44.015298
44.081297
44.117981
44.179619
44.237540
44.285861
44.312604
44.379608
44.434213
44.483728
44.527709
44.590370
44.618414
44.682130
44.740449
44.790605
44.831975
44.892485
44.925294
44.976928
45.030600
45.086136
45.131470
45.182786
45.226707
45.271170
45.327150
45.394446
45.437353
45.480046
45.525590
45.595747
45.621660
45.679581
45.724658
45.791129
45.832338
45.888242
45.937108
45.977606
46.028049
46.085421
46.117717
46.160649
46.240607
46.281164
46.299129
46.385916
46.439392
46.490296
46.526178
46.584153
46.634539
46.690166
46.726850
46.781943
46.833722
46.874931
46.919703
46.977576
47.024411
47.085227
47.131388
47.190105
47.227640
47.281644
47.315928
47.382800
47.407470
47.482217
47.530146
47.559634
47.638710
47.668596
47.730903
47.780416
47.837119
47.880526
47.933464
47.951538
48.023415
48.077489
48.131669
48.176764
48.232147
48.284533
48.339669
48.376607
48.427392
48.495508
48.539165
48.574941
48.631619
48.693307
48.732624
48.773715
48.833056
48.882731
48.938092
48.985427
49.024508
49.078503
49.134596
49.180276
49.225918
49.287068
49.329125
49.366251
49.433036
49.484281
49.539544
49.567492
49.616775
49.674356
49.730451
49.781362
49.832064
49.882701
49.940204
49.967462
50.032469
50.086112
50.134794
50.173557
50.231913
50.275150
50.329863
50.388150
50.439898
50.464412
50.527606
50.573850
50.621637
50.684749
50.740382
50.781396
50.842087
50.882616
50.919385
50.981744
51.024083
51.077799
51.125797
51.191777
51.240469
51.272481
51.334783
51.377539
51.419039
51.472090
51.529052
51.585599
51.637234
51.662278
51.724231
51.786595
51.840240
51.866526
51.939191
51.981793
52.023342
52.076395
52.134763
52.192681
52.237017
52.277547
52.309946
52.390485
52.434787
52.474662
52.527575
52.588681
52.621836
52.648180
52.724935
52.777695
52.828272
52.842725
52.922787
52.989325
53.044337
53.057986
53.131459
53.183776
53.242464
53.272843
53.328714
53.394123
53.440298
53.469905
53.538393
53.591698
53.635555
53.683262
53.738253
53.786477
53.832083
53.873972
53.928892
53.982378
54.028274
54.088034
54.135685
54.188601
54.243394
54.273489
54.316286
54.378796
54.436267
54.479574
54.517611
54.582759
54.622618
54.679510
54.727257
54.770961
54.834406
54.889743
54.935672
54.971909
55.033242
55.085452
55.125750
55.183945
55.228646
55.285175
55.312294
55.384203
55.417989
55.472631
55.533679
55.583696
55.640264
55.683480
55.709302
55.766432
55.809521
55.891277
55.940586
55.971976
56.024208
56.089535
56.121526
56.179723
56.236828
56.286571
56.328525
56.389763
56.439210
56.474738
56.531703
56.582500
56.636519
56.683322
56.740370
56.770586
56.826453
56.885053
56.937627
56.984102
57.015280
57.093425
57.131785
57.171221
57.222439
57.289426
57.345310
57.379237
57.435338
57.488567
57.528558
57.582569
57.633347
57.683500
57.744909
57.784333
57.828732
57.881876
57.938279
57.986217
58.024547
58.079586
58.138991
58.167701
58.238753
58.268245
58.331712
58.374527
58.419661
58.490004
58.544043
58.587394
58.627348
58.675355
58.731514
58.782073
58.829790
58.875499
58.939179
58.982695
59.027316
59.091716
59.131705
59.191876
59.213963
59.270557
59.328711
59.394007
59.428919
59.493386
59.529575
59.574088
59.630208
59.680234
59.740149
59.784005
59.835735
59.888670
59.927198
59.987402
60.017696
60.088409
60.138280
60.152647
60.224008
60.282356
60.335689
60.389946
60.418947
60.486615
60.537736
60.587528
60.622226
60.682031
60.728403
60.786773
60.829550
60.881026
60.936100
60.988296
61.041241
61.088623
61.134377
61.181188
61.237536
61.274604
61.327425
61.368424
61.421696
61.456007
61.511851
61.593666
61.628446
61.688923
61.737572
61.775378
61.829551
61.891687
61.923035
61.976572
62.042316
62.056299
62.138509
62.191284
62.236032
62.271190
62.325134
62.379155
62.427177
62.480105
62.534758
62.567947
62.624636
62.677248
62.731658
62.786832
62.832749
62.888791
62.937800
62.994562
63.043339
63.088471
63.128510
63.176270
63.240189
63.282722
63.319246
63.374075
63.430708
63.493906
63.526779
63.589662
63.633108
63.677611
63.725665
63.784010
63.830377
63.875120
63.934617
63.969178
64.024177
64.090177
64.115412
64.168001
64.224267
64.286451
64.316596
64.373149
64.441395
64.472705
64.530497
64.575959
64.638319
64.681574
64.725144
64.783742
64.829997
64.880935
64.935780
64.953998
65.031253
65.093701
65.124097
65.161569
65.237262
65.290076
65.333143
65.384357
65.433409
65.474230
65.542081
65.579511
65.609010
65.671070
65.739184
65.753746
65.820651
65.880283
65.935286
65.973306
66.040649
66.082220
66.132508
66.168945
66.227643
66.274354
66.321529
66.389328
66.426603
66.481802
66.528196
66.590276
66.635172
66.686428
66.725252
66.770326
66.815405
66.894351
66.937341
66.978490
67.035432
67.086674
67.135072
67.189004
67.243857
67.269675
67.333496
67.376637
67.440278
67.478347
67.543172
67.586270
67.634291
67.648933
67.731594
67.789418
67.818565
67.887670
67.939353
67.994996
68.010426
68.081605
68.139533
68.190655
68.228001
68.266217
68.333045
68.362416
68.418502
68.474126
68.542741
68.586078
68.636682
68.668519
68.731029
68.788931
68.826457
68.877289
68.940733
68.985438
69.038937
69.087225
69.132762
69.185049
69.225069
69.289573
69.341504
69.392586
69.438308
69.470750
69.524598
69.578110
69.638730
69.680635
69.733767
69.792677
69.843393
69.893628
69.925048
69.989266
70.039596
70.061942
70.136471
70.185215
70.238492
70.274565
70.335800
70.382760
70.429965
70.489510
70.541432
70.593393
70.639313
70.667031
70.722590
70.779222
70.835883
70.865602
70.936600
70.988701
71.030542
71.077785
71.123520
71.180116
71.219561
71.287520
71.333139
71.391353
71.429570
71.482357
71.528695
71.585960
71.638065
71.681624
71.742765
71.785279
71.836041
71.891380
71.938163
71.980571
72.031421
72.089503
72.130166
72.189704
72.243868
72.290299
72.325528
72.386669
72.430632
72.487439
72.535974
72.562182
72.632928
72.686068
72.707197
72.790238
72.840062
72.885622
72.935611
72.963259
73.039702
73.083591
73.123662
73.178195
73.236620
73.294022
73.338500
73.391159
73.417378
73.493706
73.524559
73.571393
73.630090
73.691471
73.742476
73.787668
73.787668
73.893237
73.935170
73.965201
74.040695
74.089428
74.133334
74.185623
74.238190
74.290900
74.342690
74.378673
74.437954
74.478009
74.530803
74.580737
74.642703
74.691085
74.720742
74.786410
74.812028
74.891213
74.935108
74.975443
75.022796
75.094589
75.135251
75.162476
75.229750
75.286576
75.320610
75.378074
75.431616
75.490218
75.536738
75.588500
75.605801
75.682609
75.729435
75.785198
75.840554
75.868930
75.946452
75.988873
76.023985
76.087217
76.133334
76.187097
76.234998
76.289471
76.343796
76.386283
76.424069
76.488332
76.539946
76.594875
76.630693
76.684071
76.736712
76.795001
76.830120
76.887184
76.928661
76.993747
77.039932
77.071140
77.136608
77.181639
77.238328
77.282143
77.343742
77.385702
77.417378
77.476803
77.536183
77.591077
77.631241
77.676800
77.725587
77.787474
77.827481
77.893579
77.921760
77.988466
78.041352
78.067054
78.116761
78.187651
78.229655
78.291074
78.323157
78.371371
78.441522
78.475952
78.536304
78.586488
78.639681
78.673476
78.715461
78.778961
78.812472
78.889117
78.917222
78.970704
79.037284
79.090515
79.142312
79.181534
79.234436
79.279224
79.323433
79.392758
79.433246
79.478031
79.539969
79.589645
79.637752
79.679528
79.730644
79.786883
79.835588
79.878346
79.941324
79.971239
80.035798
80.086736
80.092212
80.170562
80.233732
80.290530
80.340604
80.385926
80.432648
80.489302
80.539761
80.578946
80.629001
80.677577
80.723127
80.769352
80.833584
80.875726
80.927595
80.982122
81.031371
81.087213
81.136601
81.164855
81.244508
81.275691
81.341606
81.360699
81.439426
81.472471
81.526354
81.581366
81.637639
81.685084
81.724402
81.775160
81.843978
81.885103
81.908588
81.987415
82.043053
82.065403
82.137865
82.184748
82.239260
82.286463
82.314179
82.361950
82.418437
82.483586
82.528216
82.577317
82.628269
82.692727
82.735032
82.772401
82.826071
82.881956
82.936854
82.969339
83.040257
83.075309
83.137186
83.167088
83.230881
83.288428
83.317487
83.389686
83.435779
83.487372
83.525418
83.573625
83.633697
83.686239
83.729098
83.758482
83.827369
83.886227
83.939135
83.971795
84.032377
84.087456
84.131366
84.171408
84.229053
84.282377
84.330871
84.356573
84.404457
84.476706
84.522697
84.571542
84.632978
84.655324
84.735209
84.781752
84.813802
84.886714
84.924294
84.976027
85.027220
85.085112
85.132253
85.190998
85.224289
85.267258
85.322727
85.384521
85.441981
85.467733
85.526011
85.574440
85.615406
85.686723
85.744852
85.787287
85.843790
85.887171
85.939456
85.993299
86.036448
86.080433
86.142661
86.191519
86.204222
86.284368
86.318687
86.391690
86.418155
86.465158
86.539390
86.585267
86.631183
86.663550
86.730929
86.789200
86.831659
86.868281
86.927726
86.986269
87.014677
87.079523
87.140562
87.187378
87.230441
87.288434
87.343231
87.379087
87.440658
87.440658
87.519391
87.582924
87.638476
87.684756
87.728505
87.774120
87.834053
87.884962
87.916773
87.992511
88.016135
88.065360
88.144405
88.192522
88.224014
88.283403
88.341697
88.387602
88.406803
88.463243
88.526740
88.582234
88.644138
88.677719
88.737274
88.787250
88.813692
88.890922
88.920859
88.986748
89.023932
89.083366
89.130314
89.182387
89.234666
89.275789
89.339772
89.369745
89.438548
89.482787
89.522548
89.571275
89.629382
89.690803
89.740442
89.767380
89.820205
89.872147
89.934711
89.964528
90.042768
90.086271
90.126448
90.180515
90.243434
90.281918
90.337360
90.385889
90.440957
90.478663
90.521691
90.584098
90.639194
90.682209
90.740087
90.759660
90.842343
90.880051
90.934408
90.966705
91.033646
91.090285
91.131683
91.172638
91.222186
91.290990
91.314103
91.393253
91.417747
91.495744
91.531079
91.570712
91.630451
91.695560
91.738055
91.784672
91.840221
91.880767
91.933305
91.987504
92.037778
92.092477
92.132536
92.176268
92.238063
92.286786
92.317773
92.380285
92.434899
92.490155
92.527800
92.585272
92.633866
92.677560
92.735791
92.772188
92.812129
92.878854
92.935380
92.993899
93.018641
93.082494
93.136154
93.187622
93.223531
93.279402
93.331431
93.386032
93.425895
93.476609
93.527543
93.585439
93.631911
93.657790
93.738588
93.783728
93.833646
93.861367
93.933529
93.977745
94.021438
94.084440
94.134599
94.175680
94.239713
94.282229
94.332058
94.385080
94.414651
94.482641
94.535947
94.574446
94.630420
94.677960
94.739728
94.768377
94.826205
94.885367
94.930151
94.983417
95.036215
95.082700
95.142689
95.192387
95.231393
95.267733
95.319507
95.386783
95.417112
95.479926
95.522478
95.586451
95.628158
95.682789
95.737657
95.782943
95.838669
95.871565
95.931042
95.984705
96.039708
96.053366
96.142378
96.181720
96.237907
96.263857
96.326452
96.370217
96.432081
96.473670
96.537985
96.588623
96.642800
96.674162
96.725332
96.788379
96.827365
96.878101
96.932371
96.961444
97.040003
97.082312
97.113321
97.176095
97.237611
97.280438
97.314584
97.341884
97.432719
97.491252
97.507552
97.547479
97.633233
97.675327
97.724803
97.780148
97.829355
97.885486
97.931275
97.963480
98.026595
98.084303
98.140747
98.177966
98.237953
98.281605
98.326476
98.385990
98.436144
98.465349
98.539931
98.583651
98.631945
98.681251
98.721118
98.791758
98.833066
98.891317
98.927323
98.992173
99.017011
99.063358
99.143529
99.176112
99.244320
99.286099
99.331900
99.370155
99.430020
99.476297
99.544750
99.590679
99.636122
99.686612
99.721509
99.776334
99.825231
99.885381
99.932655
99.980210
100.037419
100.085801
100.135079
100.155954
100.241619
100.286589
100.336518
100.368480
100.443786
100.492328
100.535796
100.565192
100.635422
100.688364
100.736968
100.765676
100.837942
100.883012
100.934402
100.953471
101.038876
101.090491
101.131333
101.191628
101.239502
101.295960
101.329697
101.377390
101.423772
101.481034
101.534360
101.576079
101.633769
101.686383
101.726907
101.783671
101.796791
101.878859
101.941046
101.982386
102.035668
102.059335
102.136328
102.193546
102.230477
102.285384
102.332626
102.381733
102.426749
102.492242
102.537688
102.582402
102.606514
102.685926
102.734921
102.791998
102.839180
102.868832
102.932715
102.987970
103.037497
103.082629
103.126627
103.189902
103.233279
103.281024
103.334662
103.378707
103.434785
103.476598
103.538452
103.592283
103.634425
103.651906
103.724277
103.788048
103.828101
103.882279
103.912036
103.975336
104.029123
104.080149
104.133606
104.184088
104.224149
104.286090
104.339200
104.377849
104.442590
104.470897
104.528666
104.582172
104.638025
104.670600
104.718276
104.775832
104.828051
104.870172
104.916697
104.982589
105.036715
105.052261
105.124408
105.183226
105.236061
105.269553
105.311301
105.388587
105.436614
105.494954
105.526234
105.584294
105.634773
105.693169
105.736755
105.791662
105.842043
105.886398
105.936412
105.993714
106.028452
106.085986
106.126037
106.155391
106.243521
106.269636
106.325618
106.370289
106.410736
106.480759
106.529200
106.581721
106.622666
106.661658
106.716540
106.772273
106.825176
106.892327
106.938643
106.977834
107.031531
107.084009
107.111924
107.175684
107.229907
107.285051
107.326749
107.371683
107.430073
107.494686
107.535983
107.587213
107.639569
107.682743
107.733376
107.756179
107.827659
107.891602
107.930340
107.992879
108.037494
108.087443
108.137153
108.180578
108.237183
108.284269
108.316539
108.383521
108.432185
108.483265
108.527554
108.576605
108.630311
108.683932
108.735905
108.785694
108.835569
108.884151
108.933982
108.968226
109.028222
109.089825
109.130566
109.182255
109.225255
109.288644
109.316350
109.390782
109.438549
109.488134
109.529700
109.571385
109.620690
109.680427
109.728664
109.786877
109.804700
109.845459
109.940251
109.970286
110.033658
110.090143
110.126230
110.181233
110.217493
110.276247
110.335772
110.392330
110.425636
110.484068
110.536543
110.575032
110.629611
110.684988
110.732007
110.785798
110.832294
110.890612
110.941111
110.982725
111.034688
111.086519
111.142520
111.187201
111.217538
111.284117
111.330684
111.364246
111.421858
111.452787
111.530922
111.570233
111.620280
111.681145
111.738389
111.794453
111.833706
111.884897
111.915091
111.992495
112.035630
112.068931
112.139504
112.177236
112.233425
112.265281
112.318295
112.387977
112.443023
112.491957
112.538590
112.575634
112.632623
112.650336
112.729707
112.795295
112.834025
112.886599
112.936275
112.973388
113.035184
113.085391
113.134750
113.176453
113.244536
113.282164
113.340989
113.389318
113.428400
113.487238
113.520251
113.579652
113.641343
113.684961
113.735648
113.786364
113.828142
113.883390
113.937774
113.987384
114.038083
114.091141
114.141462
114.174135
114.241992
114.274081
114.317364
114.374209
114.426057
114.463454
114.520325
114.578597
114.637790
114.684580
114.719502
114.783737
114.838665
114.882639
114.912397
114.976920
115.026037
115.083160
115.130221
115.176453
115.237946
115.280345
115.339589
115.359199
115.432164
115.488392
115.530140
115.569369
115.628580
115.691645
115.734018
115.783867
115.832254
115.871108
115.926414
115.988499
116.017035
116.081437
116.138682
116.183727
116.243575
116.293122
116.336841
116.386848
116.440345
116.485526
116.523078
116.577273
116.625120
116.689396
116.733153
116.762506
116.833011
116.873218
116.942584
116.978297
117.026496
117.096207
117.137122
117.172600
117.231015
117.282132
117.336633
117.367644
117.419241
117.491486
117.508342
117.588396
117.639443
117.680756
117.721341
117.781478
117.842388
117.889517
117.933505
117.972106
118.024767
118.080338
118.129748
118.186690
118.238314
118.291143
118.343103
118.385138
118.436834
118.487501
118.538334
118.587485
118.628681
118.673775
118.721793
118.786047
118.810236
118.869366
118.922798
nan
nan
nan
nan
nan
nan
nan
nan
nan
nan
nan
nan
nan
nan
nan
nan
nan
nan
nan
nan
nan
nan
nan
nan
nan
nan
nan
nan
nan
nan
nan
nan
nan
nan
nan
nan
nan
nan
nan
nan
nan
nan
nan
nan
nan
nan
nan
nan
nan
nan
nan
nan
nan
nan
nan
nan
nan
nan
nan
nan
nan
nan
nan
nan
nan
nan
nan
